aid	chr1	coord1	strand1	chr2	coord2	strand2	extra
450	1	26898224	+	10	129546652	+	aid=450;cn={'2': {'AA': 0, 'AB': 1, 'BA': 0, 'BB': 0}};at=N
77	1	26905970	-	10	44077629	+	aid=77;cn={'2': {'AA': 1, 'AB': 0, 'BA': 0, 'BB': 0}};at=N
21	1	27280900	+	10	12150900	+	aid=21;cn={'2': {'AA': 0, 'AB': 1, 'BA': 0, 'BB': 0}};at=N
386	1	27284293	-	10	116215946	-	aid=386;cn={'2': {'AA': 1, 'AB': 0, 'BA': 0, 'BB': 0}};at=N
74	1	28391109	+	10	43344164	+	aid=74;cn={'2': {'AA': 0, 'AB': 0, 'BA': 0, 'BB': 1}};at=N
19	1	28428383	+	10	12134563	-	aid=19;cn={'2': {'AA': 0, 'AB': 1, 'BA': 0, 'BB': 0}};at=N
81	1	28431831	-	10	47041271	-	aid=81;cn={'2': {'AA': 1, 'AB': 0, 'BA': 0, 'BB': 0}};at=N
8	1	28654771	+	10	9280872	-	aid=8;cn={'2': {'AA': 1, 'AB': 0, 'BA': 0, 'BB': 0}};at=N
384	1	28658118	-	10	116145109	+	aid=384;cn={'2': {'AA': 0, 'AB': 2, 'BA': 0, 'BB': 0}};at=N
430	1	28658643	+	10	125945735	-	aid=430;cn={'2': {'AA': 1, 'AB': 0, 'BA': 0, 'BB': 0}};at=N
78	1	28661493	-	10	44349053	-	aid=78;cn={'2': {'AA': 0, 'AB': 0, 'BA': 1, 'BB': 0}};at=N
375	1	30544710	+	10	115060789	-	aid=375;cn={'2': {'AA': 0, 'AB': 0, 'BA': 0, 'BB': 1}};at=N
446	1	31090781	-	10	128944861	-	aid=446;cn={'2': {'AA': 0, 'AB': 0, 'BA': 0, 'BB': 1}};at=N
451	1	32649741	+	10	129574362	-	aid=451;cn={'2': {'AA': 0, 'AB': 1, 'BA': 0, 'BB': 0}};at=N
100	1	32667668	-	10	52827729	-	aid=100;cn={'2': {'AA': 0, 'AB': 1, 'BA': 0, 'BB': 0}};at=N
242	1	86287081	+	1	86288893	-	aid=242;cn={'2': {'AA': 1, 'AB': 0, 'BA': 0, 'BB': 0}};at=N
302	1	99292528	+	1	99292644	-	aid=302;cn={'2': {'AA': 0, 'AB': 0, 'BA': 0, 'BB': 1}};at=N
411	1	118470249	+	1	118473593	-	aid=411;cn={'2': {'AA': 1, 'AB': 0, 'BA': 0, 'BB': 0}};at=N
501	1	157022311	+	1	158421484	+	aid=501;cn={'2': {'AA': 1, 'AB': 0, 'BA': 0, 'BB': 0}};at=N
333	1	157286655	-	4	105881387	+	aid=333;cn={'2': {'AA': 0, 'AB': 0, 'BA': 1, 'BB': 0}};at=N
431	1	157466343	+	4	125966704	+	aid=431;cn={'2': {'AA': 0, 'AB': 0, 'BA': 1, 'BB': 0}};at=N
438	1	157509867	-	4	126995818	-	aid=438;cn={'2': {'AA': 0, 'AB': 2, 'BA': 0, 'BB': 0}};at=N
423	1	157594446	+	4	124691001	-	aid=423;cn={'2': {'AA': 0, 'AB': 0, 'BA': 1, 'BB': 0}};at=N
442	1	157595623	-	4	127775998	-	aid=442;cn={'2': {'AA': 0, 'AB': 0, 'BA': 1, 'BB': 0}};at=N
325	1	157779095	+	4	104294504	-	aid=325;cn={'2': {'AA': 0, 'AB': 0, 'BA': 0, 'BB': 1}};at=N
313	1	158287403	+	4	102667528	+	aid=313;cn={'2': {'AA': 0, 'AB': 1, 'BA': 0, 'BB': 0}};at=N
326	1	158365578	-	4	104359866	+	aid=326;cn={'2': {'AA': 0, 'AB': 0, 'BA': 0, 'BB': 1}};at=N
418	1	158422658	-	4	122671065	-	aid=418;cn={'2': {'AA': 0, 'AB': 0, 'BA': 0, 'BB': 1}};at=N
417	1	158634755	+	4	122652022	+	aid=417;cn={'2': {'AA': 0, 'AB': 0, 'BA': 0, 'BB': 1}};at=N
314	1	158635774	-	4	102704550	-	aid=314;cn={'2': {'AA': 0, 'AB': 0, 'BA': 1, 'BB': 0}};at=N
320	1	158642196	+	4	103679495	-	aid=320;cn={'2': {'AA': 0, 'AB': 0, 'BA': 1, 'BB': 0}};at=N
342	1	158754959	-	4	107157102	-	aid=342;cn={'2': {'AA': 0, 'AB': 1, 'BA': 0, 'BB': 0}};at=N
509	1	160100460	-	1	163970165	-	aid=509;cn={'2': {'AA': 0, 'AB': 0, 'BA': 2, 'BB': 0}};at=N
518	1	162294804	+	1	176476518	-	aid=518;cn={'2': {'AA': 0, 'AB': 0, 'BA': 1, 'BB': 0}};at=N
511	1	166202000	+	1	167367373	-	aid=511;cn={'2': {'AA': 1, 'AB': 0, 'BA': 0, 'BB': 0}};at=N
71	1	166203130	-	8	41236242	-	aid=71;cn={'2': {'AA': 0, 'AB': 0, 'BA': 0, 'BB': 0}};at=N
517	1	166203612	+	1	174017296	+	aid=517;cn={'2': {'AA': 0, 'AB': 0, 'BA': 1, 'BB': 0}};at=N
2	1	179155703	+	12	7059195	-	aid=2;cn={'2': {'AA': 0, 'AB': 0, 'BA': 0, 'BB': 0}};at=N
222	1	200101000	-	16	85707100	-	aid=222;cn={'2': {'AA': 0, 'AB': 0, 'BA': 0, 'BB': 0}};at=N
529	1	215701835	+	1	217012993	-	aid=529;cn={'2': {'AA': 0, 'AB': 0, 'BA': 0, 'BB': 1}};at=N
530	1	215720310	-	1	217769180	+	aid=530;cn={'2': {'AA': 0, 'AB': 0, 'BA': 1, 'BB': 0}};at=N
528	1	215979312	+	1	215986243	-	aid=528;cn={'2': {'AA': 1, 'AB': 0, 'BA': 0, 'BB': 0}};at=N
533	1	217011439	+	1	220889272	-	aid=533;cn={'2': {'AA': 0, 'AB': 0, 'BA': 1, 'BB': 0}};at=N
532	1	217772998	-	1	220516929	+	aid=532;cn={'2': {'AA': 1, 'AB': 0, 'BA': 0, 'BB': 0}};at=N
531	1	219187400	+	1	219203040	-	aid=531;cn={'2': {'AA': 1, 'AB': 0, 'BA': 0, 'BB': 0}};at=N
540	1	219741196	+	1	242906010	+	aid=540;cn={'2': {'AA': 1, 'AB': 0, 'BA': 0, 'BB': 0}};at=N
541	1	219768905	-	1	242907373	-	aid=541;cn={'2': {'AA': 1, 'AB': 0, 'BA': 0, 'BB': 0}};at=N
536	1	220002548	+	1	240630545	-	aid=536;cn={'2': {'AA': 0, 'AB': 0, 'BA': 1, 'BB': 0}};at=N
535	1	220004404	-	1	240628517	+	aid=535;cn={'2': {'AA': 0, 'AB': 0, 'BA': 1, 'BB': 0}};at=N
539	1	220527798	-	1	242684296	-	aid=539;cn={'2': {'AA': 1, 'AB': 0, 'BA': 0, 'BB': 0}};at=N
538	1	220886676	+	1	242682453	+	aid=538;cn={'2': {'AA': 1, 'AB': 0, 'BA': 0, 'BB': 0}};at=N
534	1	220963749	+	1	221076110	-	aid=534;cn={'2': {'AA': 3, 'AB': 0, 'BA': 0, 'BB': 0}};at=N
537	1	241946443	+	1	241946680	-	aid=537;cn={'2': {'AA': 1, 'AB': 0, 'BA': 0, 'BB': 0}};at=N
542	1	243152347	+	1	243155140	-	aid=542;cn={'2': {'AA': 1, 'AB': 0, 'BA': 0, 'BB': 0}};at=N
5	10	8604721	+	10	8604848	-	aid=5;cn={'2': {'AA': 1, 'AB': 0, 'BA': 0, 'BB': 0}};at=N
400	10	9280803	+	10	117680259	+	aid=400;cn={'2': {'AA': 1, 'AB': 0, 'BA': 0, 'BB': 0}};at=N
87	10	9630496	+	10	49873480	+	aid=87;cn={'2': {'AA': 0, 'AB': 0, 'BA': 0, 'BB': 0}};at=N
13	10	11464537	+	10	11607339	-	aid=13;cn={'2': {'AA': 0, 'AB': 0, 'BA': 0, 'BB': 1}};at=N
39	10	11569241	-	10	16268634	+	aid=39;cn={'2': {'AA': 1, 'AB': 0, 'BA': 0, 'BB': 0}};at=N
89	10	11599621	+	10	49949695	+	aid=89;cn={'2': {'AA': 0, 'AB': 1, 'BA': 0, 'BB': 0}};at=N
76	10	12116644	+	10	43463500	-	aid=76;cn={'2': {'AA': 0, 'AB': 0, 'BA': 0, 'BB': 1}};at=N
37	10	12193604	-	10	14551517	+	aid=37;cn={'2': {'AA': 0, 'AB': 0, 'BA': 0, 'BB': 1}};at=N
426	10	12367490	+	10	125575677	+	aid=426;cn={'2': {'AA': 1, 'AB': 0, 'BA': 0, 'BB': 0}};at=N
99	10	12379322	-	10	52817076	+	aid=99;cn={'2': {'AA': 0, 'AB': 1, 'BA': 0, 'BB': 0}};at=N
80	10	12441616	+	10	45048984	+	aid=80;cn={'2': {'AA': 0, 'AB': 0, 'BA': 1, 'BB': 0}};at=N
26	10	12442892	-	10	13108797	+	aid=26;cn={'2': {'AA': 0, 'AB': 0, 'BA': 0, 'BB': 1}};at=N
94	10	12875046	+	10	52238440	+	aid=94;cn={'2': {'AA': 0, 'AB': 1, 'BA': 0, 'BB': 0}};at=N
388	10	12888063	-	10	116228674	-	aid=388;cn={'2': {'AA': 0, 'AB': 1, 'BA': 0, 'BB': 0}};at=N
90	10	13113523	-	10	49972855	-	aid=90;cn={'2': {'AA': 0, 'AB': 0, 'BA': 0, 'BB': 1}};at=N
95	10	13998364	+	10	52305411	-	aid=95;cn={'2': {'AA': 0, 'AB': 1, 'BA': 0, 'BB': 0}};at=N
371	10	13998895	-	10	114636964	-	aid=371;cn={'2': {'AA': 1, 'AB': 0, 'BA': 0, 'BB': 0}};at=N
381	10	14551518	-	10	115629698	-	aid=381;cn={'2': {'AA': 0, 'AB': 0, 'BA': 0, 'BB': 1}};at=N
88	10	14570605	+	10	49898969	-	aid=88;cn={'2': {'AA': 0, 'AB': 0, 'BA': 0, 'BB': 1}};at=N
378	10	14581183	-	10	115535461	-	aid=378;cn={'2': {'AA': 0, 'AB': 0, 'BA': 1, 'BB': 0}};at=N
448	10	14758255	+	10	129008364	-	aid=448;cn={'2': {'AA': 1, 'AB': 0, 'BA': 0, 'BB': 0}};at=N
447	10	14767161	-	10	128949387	+	aid=447;cn={'2': {'AA': 0, 'AB': 1, 'BA': 0, 'BB': 0}};at=N
445	10	14889896	+	10	128936460	+	aid=445;cn={'2': {'AA': 1, 'AB': 0, 'BA': 0, 'BB': 0}};at=N
380	10	14891015	-	10	115629413	+	aid=380;cn={'2': {'AA': 2, 'AB': 0, 'BA': 0, 'BB': 0}};at=N
374	10	43351154	-	10	115032355	-	aid=374;cn={'2': {'AA': 0, 'AB': 0, 'BA': 0, 'BB': 0}};at=N
385	10	43932545	+	10	116155025	-	aid=385;cn={'2': {'AA': 0, 'AB': 1, 'BA': 0, 'BB': 0}};at=N
86	10	43951240	-	10	49835897	+	aid=86;cn={'2': {'AA': 0, 'AB': 1, 'BA': 0, 'BB': 0}};at=N
387	10	44134415	-	10	116220465	+	aid=387;cn={'2': {'AA': 0, 'AB': 1, 'BA': 0, 'BB': 0}};at=N
373	10	44347937	+	10	115031702	+	aid=373;cn={'2': {'AA': 0, 'AB': 1, 'BA': 0, 'BB': 0}};at=N
92	10	45058417	-	10	51552147	-	aid=92;cn={'2': {'AA': 0, 'AB': 1, 'BA': 0, 'BB': 0}};at=N
83	10	45599116	+	10	47346207	+	aid=83;cn={'2': {'AA': 1, 'AB': 0, 'BA': 0, 'BB': 0}};at=N
395	10	45599345	-	10	117281883	-	aid=395;cn={'2': {'AA': 0, 'AB': 1, 'BA': 0, 'BB': 0}};at=N
383	10	47079294	-	10	115880963	-	aid=383;cn={'2': {'AA': 0, 'AB': 0, 'BA': 0, 'BB': 0}};at=N
97	10	47348533	-	10	52495471	-	aid=97;cn={'2': {'AA': 0, 'AB': 0, 'BA': 0, 'BB': 0}};at=N
394	10	47593380	+	10	117265790	+	aid=394;cn={'2': {'AA': 0, 'AB': 1, 'BA': 0, 'BB': 0}};at=N
96	10	47593738	-	10	52488642	+	aid=96;cn={'2': {'AA': 0, 'AB': 1, 'BA': 0, 'BB': 0}};at=N
51	10	49806270	+	16	32856987	+	aid=51;cn={'2': {'AA': 0, 'AB': 0, 'BA': 0, 'BB': 0}};at=N
397	10	49851530	-	10	117507368	+	aid=397;cn={'2': {'AA': 0, 'AB': 1, 'BA': 0, 'BB': 0}};at=N
376	10	49872018	-	10	115493442	-	aid=376;cn={'2': {'AA': 0, 'AB': 0, 'BA': 0, 'BB': 0}};at=N
365	10	49902217	+	10	113444541	+	aid=365;cn={'2': {'AA': 1, 'AB': 0, 'BA': 0, 'BB': 0}};at=N
429	10	49908358	-	10	125939393	+	aid=429;cn={'2': {'AA': 0, 'AB': 0, 'BA': 0, 'BB': 0}};at=N
98	10	52807844	-	10	52808003	-	aid=98;cn={'2': {'AA': 0, 'AB': 0, 'BA': 0, 'BB': 0}};at=N
377	10	52807900	-	10	115531241	+	aid=377;cn={'2': {'AA': 0, 'AB': 0, 'BA': 0, 'BB': 1}};at=N
382	10	52808002	+	10	115861974	-	aid=382;cn={'2': {'AA': 0, 'AB': 0, 'BA': 0, 'BB': 1}};at=N
106	10	54697418	+	10	55677281	-	aid=106;cn={'2': {'AA': 0, 'AB': 0, 'BA': 0, 'BB': 1}};at=N
121	10	55665678	+	10	57780555	+	aid=121;cn={'2': {'AA': 0, 'AB': 0, 'BA': 1, 'BB': 0}};at=N
124	10	56679600	-	10	57787880	-	aid=124;cn={'2': {'AA': 0, 'AB': 0, 'BA': 1, 'BB': 0}};at=N
214	10	83786178	+	10	84096835	-	aid=214;cn={'2': {'AA': 0, 'AB': 0, 'BA': 0, 'BB': 1}};at=N
303	10	99912161	-	10	99912469	+	aid=303;cn={'2': {'AA': 1, 'AB': 0, 'BA': 0, 'BB': 0}};at=N
393	10	106931177	+	10	117050028	-	aid=393;cn={'2': {'AA': 0, 'AB': 0, 'BA': 1, 'BB': 0}};at=N
355	10	107371173	+	10	111733237	+	aid=355;cn={'2': {'AA': 1, 'AB': 0, 'BA': 0, 'BB': 0}};at=N
357	10	107385205	-	10	112104069	+	aid=357;cn={'2': {'AA': 0, 'AB': 1, 'BA': 0, 'BB': 0}};at=N
356	10	110005255	+	10	111736063	-	aid=356;cn={'2': {'AA': 1, 'AB': 0, 'BA': 0, 'BB': 0}};at=N
358	10	110081220	+	10	112105167	-	aid=358;cn={'2': {'AA': 0, 'AB': 1, 'BA': 0, 'BB': 0}};at=N
360	10	112340389	+	10	112341851	-	aid=360;cn={'2': {'AA': 1, 'AB': 0, 'BA': 0, 'BB': 0}};at=N
361	10	112460292	+	10	112464280	-	aid=361;cn={'2': {'AA': 1, 'AB': 0, 'BA': 0, 'BB': 0}};at=N
399	10	113624226	-	10	117529994	-	aid=399;cn={'2': {'AA': 1, 'AB': 0, 'BA': 0, 'BB': 0}};at=N
401	10	113869270	+	10	117683787	-	aid=401;cn={'2': {'AA': 1, 'AB': 0, 'BA': 0, 'BB': 0}};at=N
38	10	113877000	-	18	15203000	-	aid=38;cn={'2': {'AA': 0, 'AB': 0, 'BA': 0, 'BB': 0}};at=N
9	10	113877100	-	21	9478620	+	aid=9;cn={'2': {'AA': 0, 'AB': 0, 'BA': 0, 'BB': 0}};at=N
392	10	116639193	+	10	117024343	+	aid=392;cn={'2': {'AA': 1, 'AB': 0, 'BA': 0, 'BB': 0}};at=N
189	10	121049039	-	13	79592729	+	aid=189;cn={'2': {'AA': 0, 'AB': 0, 'BA': 0, 'BB': 1}};at=N
424	10	124759075	+	10	124765622	-	aid=424;cn={'2': {'AA': 0, 'AB': 0, 'BA': 0, 'BB': 1}};at=N
425	10	125091745	+	10	125113697	-	aid=425;cn={'2': {'AA': 1, 'AB': 0, 'BA': 0, 'BB': 0}};at=N
458	10	134883692	-	10	134986315	+	aid=458;cn={'2': {'AA': 0, 'AB': 0, 'BA': 0, 'BB': 1}};at=N
308	11	100079574	+	11	102038734	+	aid=308;cn={'2': {'AA': 1, 'AB': 0, 'BA': 0, 'BB': 0}};at=N
332	11	100091168	-	11	105453931	-	aid=332;cn={'2': {'AA': 1, 'AB': 0, 'BA': 0, 'BB': 0}};at=N
331	11	100693925	+	11	105446754	+	aid=331;cn={'2': {'AA': 1, 'AB': 0, 'BA': 0, 'BB': 0}};at=N
315	11	101583068	-	11	103057288	+	aid=315;cn={'2': {'AA': 1, 'AB': 0, 'BA': 0, 'BB': 0}};at=N
316	11	102050181	-	11	103057289	-	aid=316;cn={'2': {'AA': 1, 'AB': 0, 'BA': 0, 'BB': 0}};at=N
336	11	106096568	+	11	106123436	-	aid=336;cn={'2': {'AA': 1, 'AB': 0, 'BA': 0, 'BB': 0}};at=N
1	12	4975679	-	12	6062157	+	aid=1;cn={'2': {'AA': 1, 'AB': 0, 'BA': 0, 'BB': 0}};at=N
41	12	9112945	-	12	17214980	+	aid=41;cn={'2': {'AA': 1, 'AB': 0, 'BA': 0, 'BB': 0}};at=N
43	12	18601698	+	12	18618701	-	aid=43;cn={'2': {'AA': 0, 'AB': 0, 'BA': 0, 'BB': 1}};at=N
52	12	32847417	+	12	33352814	+	aid=52;cn={'2': {'AA': 0, 'AB': 0, 'BA': 0, 'BB': 0}};at=N
53	12	33211056	+	12	33361301	-	aid=53;cn={'2': {'AA': 0, 'AB': 0, 'BA': 0, 'BB': 1}};at=N
70	12	40822805	+	12	40826029	-	aid=70;cn={'2': {'AA': 1, 'AB': 0, 'BA': 0, 'BB': 0}};at=N
103	12	53764938	+	12	53765258	-	aid=103;cn={'2': {'AA': 0, 'AB': 0, 'BA': 0, 'BB': 1}};at=N
152	12	68883279	+	12	68883615	-	aid=152;cn={'2': {'AA': 0, 'AB': 0, 'BA': 0, 'BB': 1}};at=N
230	12	86008991	+	12	86011901	-	aid=230;cn={'2': {'AA': 0, 'AB': 0, 'BA': 0, 'BB': 1}};at=N
243	12	86335591	+	12	86346363	-	aid=243;cn={'2': {'AA': 0, 'AB': 0, 'BA': 0, 'BB': 1}};at=N
249	12	86631643	-	12	87231955	+	aid=249;cn={'2': {'AA': 1, 'AB': 0, 'BA': 0, 'BB': 0}};at=N
250	12	86631643	-	12	87231955	+	aid=250;cn={'2': {'AA': 1, 'AB': 0, 'BA': 0, 'BB': 0}};at=N
251	12	86633200	-	12	87238116	-	aid=251;cn={'2': {'AA': 0, 'AB': 0, 'BA': 0, 'BB': 0}};at=N
304	12	100292822	-	12	100658109	-	aid=304;cn={'2': {'AA': 0, 'AB': 0, 'BA': 0, 'BB': 1}};at=N
306	12	100654388	+	12	100724261	+	aid=306;cn={'2': {'AA': 0, 'AB': 0, 'BA': 0, 'BB': 1}};at=N
362	12	107875871	+	13	112736713	+	aid=362;cn={'2': {'AA': 0, 'AB': 0, 'BA': 2, 'BB': 0}};at=N
453	12	129581631	+	12	129638409	+	aid=453;cn={'2': {'AA': 0, 'AB': 0, 'BA': 0, 'BB': 2}};at=N
176	13	40656450	+	13	77100676	-	aid=176;cn={'2': {'AA': 2, 'AB': 0, 'BA': 0, 'BB': 0}};at=N
199	13	81097574	+	13	81097748	-	aid=199;cn={'2': {'AA': 1, 'AB': 0, 'BA': 0, 'BB': 0}};at=N
213	13	84050910	+	13	84064349	-	aid=213;cn={'2': {'AA': 0, 'AB': 0, 'BA': 0, 'BB': 1}};at=N
267	13	88306531	+	13	88311071	-	aid=267;cn={'2': {'AA': 0, 'AB': 0, 'BA': 0, 'BB': 1}};at=N
293	13	94652342	-	13	95605824	+	aid=293;cn={'2': {'AA': 1, 'AB': 0, 'BA': 0, 'BB': 0}};at=N
317	13	103229751	+	13	103229984	-	aid=317;cn={'2': {'AA': 1, 'AB': 0, 'BA': 0, 'BB': 0}};at=N
339	13	106414819	+	13	106534834	-	aid=339;cn={'2': {'AA': 0, 'AB': 0, 'BA': 0, 'BB': 1}};at=N
366	13	110915708	-	13	113562722	+	aid=366;cn={'2': {'AA': 2, 'AB': 0, 'BA': 0, 'BB': 0}};at=N
56	14	38104119	+	14	38289089	-	aid=56;cn={'2': {'AA': 0, 'AB': 0, 'BA': 0, 'BB': 1}};at=N
84	14	48112396	+	14	48114709	-	aid=84;cn={'2': {'AA': 1, 'AB': 0, 'BA': 0, 'BB': 0}};at=N
218	14	83890250	+	14	84905620	-	aid=218;cn={'2': {'AA': 1, 'AB': 0, 'BA': 0, 'BB': 0}};at=N
229	14	83891938	-	14	85911437	-	aid=229;cn={'2': {'AA': 1, 'AB': 0, 'BA': 0, 'BB': 0}};at=N
212	14	84032471	+	14	84059113	-	aid=212;cn={'2': {'AA': 0, 'AB': 0, 'BA': 0, 'BB': 1}};at=N
228	14	84905373	+	14	85895146	+	aid=228;cn={'2': {'AA': 1, 'AB': 0, 'BA': 0, 'BB': 0}};at=N
290	15	94069330	-	15	94115497	-	aid=290;cn={'2': {'AA': 1, 'AB': 0, 'BA': 0, 'BB': 0}};at=N
289	15	94071934	+	15	94094058	+	aid=289;cn={'2': {'AA': 1, 'AB': 0, 'BA': 0, 'BB': 0}};at=N
294	15	95509616	+	15	98068754	-	aid=294;cn={'2': {'AA': 1, 'AB': 0, 'BA': 0, 'BB': 0}};at=N
260	16	85707208	-	16	87933585	+	aid=260;cn={'2': {'AA': 0, 'AB': 8, 'BA': 0, 'BB': 0}};at=N
244	16	86372549	-	16	86373370	-	aid=244;cn={'2': {'AA': 0, 'AB': 0, 'BA': 0, 'BB': 1}};at=N
3	17	7574216	+	17	7583870	-	aid=3;cn={'2': {'AA': 0, 'AB': 0, 'BA': 0, 'BB': 1}};at=N
237	2	194442	-	7	86247128	-	aid=237;cn={'2': {'AA': 0, 'AB': 0, 'BA': 0, 'BB': 1}};at=N
496	2	194561	-	3	156197024	-	aid=496;cn={'2': {'AA': 0, 'AB': 0, 'BA': 0, 'BB': 1}};at=N
44	2	197286	+	2	22876464	+	aid=44;cn={'2': {'AA': 0, 'AB': 0, 'BA': 0, 'BB': 3}};at=N
491	2	197287	-	3	155812869	-	aid=491;cn={'2': {'AA': 0, 'AB': 0, 'BA': 0, 'BB': 1}};at=N
497	2	247099	+	3	156197206	-	aid=497;cn={'2': {'AA': 0, 'AB': 0, 'BA': 1, 'BB': 0}};at=N
130	2	247100	-	2	61318689	+	aid=130;cn={'2': {'AA': 0, 'AB': 0, 'BA': 1, 'BB': 0}};at=N
27	2	8162087	+	2	13149936	+	aid=27;cn={'2': {'AA': 0, 'AB': 0, 'BA': 0, 'BB': 1}};at=N
4	2	8169626	-	2	8226152	-	aid=4;cn={'2': {'AA': 0, 'AB': 0, 'BA': 0, 'BB': 1}};at=N
33	2	8225397	+	2	13771151	+	aid=33;cn={'2': {'AA': 0, 'AB': 0, 'BA': 1, 'BB': 0}};at=N
11	2	8372477	+	2	11040704	-	aid=11;cn={'2': {'AA': 0, 'AB': 0, 'BA': 1, 'BB': 0}};at=N
31	2	8986877	-	2	13767597	+	aid=31;cn={'2': {'AA': 0, 'AB': 0, 'BA': 1, 'BB': 0}};at=N
23	2	8996916	+	2	12328547	+	aid=23;cn={'2': {'AA': 0, 'AB': 0, 'BA': 1, 'BB': 0}};at=N
35	2	9057669	-	2	13904525	+	aid=35;cn={'2': {'AA': 0, 'AB': 0, 'BA': 0, 'BB': 1}};at=N
12	2	9269513	+	2	11369607	+	aid=12;cn={'2': {'AA': 1, 'AB': 0, 'BA': 0, 'BB': 0}};at=N
58	2	9293449	-	8	39767718	+	aid=58;cn={'2': {'AA': 1, 'AB': 0, 'BA': 0, 'BB': 0}};at=N
28	2	9503316	+	2	13213458	-	aid=28;cn={'2': {'AA': 0, 'AB': 0, 'BA': 0, 'BB': 1}};at=N
16	2	11379272	-	2	11844850	-	aid=16;cn={'2': {'AA': 0, 'AB': 1, 'BA': 0, 'BB': 0}};at=N
36	2	11400878	+	2	13911523	+	aid=36;cn={'2': {'AA': 0, 'AB': 1, 'BA': 0, 'BB': 0}};at=N
17	2	11656528	-	2	11912010	-	aid=17;cn={'2': {'AA': 0, 'AB': 0, 'BA': 0, 'BB': 1}};at=N
20	2	11798016	+	2	12148844	+	aid=20;cn={'2': {'AA': 0, 'AB': 0, 'BA': 0, 'BB': 1}};at=N
18	2	11855072	+	2	12128364	-	aid=18;cn={'2': {'AA': 0, 'AB': 0, 'BA': 0, 'BB': 1}};at=N
24	2	11894958	-	2	12333343	-	aid=24;cn={'2': {'AA': 0, 'AB': 1, 'BA': 0, 'BB': 0}};at=N
22	2	11906931	+	2	12186131	-	aid=22;cn={'2': {'AA': 0, 'AB': 1, 'BA': 0, 'BB': 0}};at=N
32	2	11929671	+	2	13769747	-	aid=32;cn={'2': {'AA': 0, 'AB': 0, 'BA': 1, 'BB': 0}};at=N
34	2	12188193	+	2	13836966	-	aid=34;cn={'2': {'AA': 0, 'AB': 0, 'BA': 1, 'BB': 0}};at=N
59	2	12326604	-	8	39806652	-	aid=59;cn={'2': {'AA': 1, 'AB': 0, 'BA': 0, 'BB': 0}};at=N
30	2	13167202	-	2	13339044	-	aid=30;cn={'2': {'AA': 0, 'AB': 0, 'BA': 1, 'BB': 0}};at=N
29	2	13213457	+	2	13319519	+	aid=29;cn={'2': {'AA': 0, 'AB': 0, 'BA': 1, 'BB': 0}};at=N
60	2	13910018	-	8	39853463	+	aid=60;cn={'2': {'AA': 0, 'AB': 0, 'BA': 1, 'BB': 0}};at=N
488	2	21658597	+	3	155765323	+	aid=488;cn={'2': {'AA': 0, 'AB': 1, 'BA': 0, 'BB': 0}};at=N
370	2	21658598	-	3	113974248	+	aid=370;cn={'2': {'AA': 0, 'AB': 2, 'BA': 0, 'BB': 0}};at=N
193	2	21666345	+	2	80276562	+	aid=193;cn={'2': {'AA': 0, 'AB': 2, 'BA': 0, 'BB': 0}};at=N
296	2	22865142	-	3	98224499	-	aid=296;cn={'2': {'AA': 0, 'AB': 1, 'BA': 0, 'BB': 0}};at=N
503	2	22869614	+	3	160299611	+	aid=503;cn={'2': {'AA': 0, 'AB': 0, 'BA': 1, 'BB': 0}};at=N
490	2	22869615	-	3	155811054	-	aid=490;cn={'2': {'AA': 0, 'AB': 0, 'BA': 0, 'BB': 1}};at=N
120	2	22874527	+	2	57732188	-	aid=120;cn={'2': {'AA': 0, 'AB': 0, 'BA': 0, 'BB': 0}};at=N
195	2	22874528	-	2	80293746	-	aid=195;cn={'2': {'AA': 0, 'AB': 0, 'BA': 0, 'BB': 2}};at=N
129	2	22876465	-	2	60936890	-	aid=129;cn={'2': {'AA': 0, 'AB': 0, 'BA': 1, 'BB': 0}};at=N
312	2	38546741	+	5	102488660	-	aid=312;cn={'2': {'AA': 0, 'AB': 0, 'BA': 1, 'BB': 0}};at=N
239	2	39184644	-	7	86252844	+	aid=239;cn={'2': {'AA': 0, 'AB': 1, 'BA': 0, 'BB': 0}};at=N
493	2	39196309	+	3	155817648	-	aid=493;cn={'2': {'AA': 1, 'AB': 0, 'BA': 0, 'BB': 0}};at=N
168	2	39223075	-	2	76013154	-	aid=168;cn={'2': {'AA': 0, 'AB': 0, 'BA': 1, 'BB': 0}};at=N
131	2	40031826	+	2	61318690	-	aid=131;cn={'2': {'AA': 0, 'AB': 0, 'BA': 1, 'BB': 0}};at=N
123	2	40031827	-	2	57785626	-	aid=123;cn={'2': {'AA': 0, 'AB': 0, 'BA': 0, 'BB': 1}};at=N
494	2	40124300	+	3	155817647	+	aid=494;cn={'2': {'AA': 1, 'AB': 0, 'BA': 0, 'BB': 0}};at=N
146	2	40182602	-	2	65542606	+	aid=146;cn={'2': {'AA': 0, 'AB': 1, 'BA': 0, 'BB': 0}};at=N
299	2	40187598	+	3	98236914	+	aid=299;cn={'2': {'AA': 1, 'AB': 0, 'BA': 0, 'BB': 0}};at=N
256	2	40187599	-	7	87818127	+	aid=256;cn={'2': {'AA': 0, 'AB': 2, 'BA': 0, 'BB': 0}};at=N
255	2	40192216	+	7	87818128	-	aid=255;cn={'2': {'AA': 0, 'AB': 2, 'BA': 0, 'BB': 0}};at=N
485	2	40192217	-	3	155437042	-	aid=485;cn={'2': {'AA': 1, 'AB': 0, 'BA': 0, 'BB': 0}};at=N
472	2	40210145	+	3	150876857	-	aid=472;cn={'2': {'AA': 0, 'AB': 0, 'BA': 1, 'BB': 0}};at=N
236	2	40210146	-	7	86221444	+	aid=236;cn={'2': {'AA': 0, 'AB': 0, 'BA': 0, 'BB': 1}};at=N
232	2	40523105	+	7	86213359	-	aid=232;cn={'2': {'AA': 0, 'AB': 0, 'BA': 0, 'BB': 1}};at=N
257	2	40523106	-	7	87850105	+	aid=257;cn={'2': {'AA': 0, 'AB': 0, 'BA': 1, 'BB': 0}};at=N
486	2	40533700	+	3	155498000	+	aid=486;cn={'2': {'AA': 0, 'AB': 0, 'BA': 0, 'BB': 1}};at=N
119	2	43729685	-	2	57732187	+	aid=119;cn={'2': {'AA': 0, 'AB': 1, 'BA': 0, 'BB': 0}};at=N
300	2	43735299	+	3	98257335	-	aid=300;cn={'2': {'AA': 0, 'AB': 1, 'BA': 0, 'BB': 0}};at=N
515	2	43771444	-	3	173506160	-	aid=515;cn={'2': {'AA': 0, 'AB': 0, 'BA': 0, 'BB': 1}};at=N
223	2	57693031	+	7	85799297	+	aid=223;cn={'2': {'AA': 1, 'AB': 0, 'BA': 0, 'BB': 0}};at=N
125	2	57693032	-	2	57789276	-	aid=125;cn={'2': {'AA': 1, 'AB': 0, 'BA': 0, 'BB': 0}};at=N
492	2	57728550	+	3	155812868	+	aid=492;cn={'2': {'AA': 0, 'AB': 1, 'BA': 0, 'BB': 0}};at=N
169	2	57729462	-	2	76015680	+	aid=169;cn={'2': {'AA': 1, 'AB': 0, 'BA': 0, 'BB': 0}};at=N
369	2	57735182	+	3	113971184	+	aid=369;cn={'2': {'AA': 1, 'AB': 0, 'BA': 0, 'BB': 0}};at=N
368	2	60936889	+	3	113949351	+	aid=368;cn={'2': {'AA': 0, 'AB': 1, 'BA': 0, 'BB': 0}};at=N
207	2	60951973	+	7	82790381	-	aid=207;cn={'2': {'AA': 0, 'AB': 1, 'BA': 0, 'BB': 0}};at=N
194	2	60951974	-	2	80276563	-	aid=194;cn={'2': {'AA': 0, 'AB': 2, 'BA': 0, 'BB': 0}};at=N
201	2	60999225	+	7	82771273	-	aid=201;cn={'2': {'AA': 1, 'AB': 0, 'BA': 0, 'BB': 0}};at=N
205	2	65542607	-	7	82774781	-	aid=205;cn={'2': {'AA': 0, 'AB': 0, 'BA': 0, 'BB': 0}};at=N
240	2	68254621	-	7	86252845	-	aid=240;cn={'2': {'AA': 0, 'AB': 0, 'BA': 0, 'BB': 1}};at=N
495	2	68259733	+	3	156190743	+	aid=495;cn={'2': {'AA': 0, 'AB': 0, 'BA': 0, 'BB': 1}};at=N
203	2	68259734	-	7	82773021	+	aid=203;cn={'2': {'AA': 0, 'AB': 0, 'BA': 0, 'BB': 1}};at=N
473	2	68261306	+	3	150876856	+	aid=473;cn={'2': {'AA': 0, 'AB': 0, 'BA': 1, 'BB': 0}};at=N
484	2	80275032	-	3	155432266	+	aid=484;cn={'2': {'AA': 0, 'AB': 0, 'BA': 0, 'BB': 3}};at=N
482	2	80279698	+	3	155431162	+	aid=482;cn={'2': {'AA': 0, 'AB': 0, 'BA': 0, 'BB': 2}};at=N
298	2	80279699	-	3	98229475	-	aid=298;cn={'2': {'AA': 0, 'AB': 0, 'BA': 1, 'BB': 0}};at=N
196	2	80279887	+	2	80297261	-	aid=196;cn={'2': {'AA': 0, 'AB': 1, 'BA': 0, 'BB': 0}};at=N
487	2	80280100	-	3	155759892	-	aid=487;cn={'2': {'AA': 0, 'AB': 1, 'BA': 0, 'BB': 0}};at=N
208	2	80293745	+	7	82790380	+	aid=208;cn={'2': {'AA': 0, 'AB': 0, 'BA': 0, 'BB': 1}};at=N
297	2	80297145	-	3	98229363	-	aid=297;cn={'2': {'AA': 0, 'AB': 0, 'BA': 1, 'BB': 0}};at=N
483	2	80297260	+	3	155431163	-	aid=483;cn={'2': {'AA': 0, 'AB': 0, 'BA': 0, 'BB': 4}};at=N
283	2	92038184	+	2	92044417	-	aid=283;cn={'2': {'AA': 1, 'AB': 0, 'BA': 0, 'BB': 0}};at=N
319	2	103520974	+	2	103552057	+	aid=319;cn={'2': {'AA': 0, 'AB': 0, 'BA': 1, 'BB': 0}};at=N
328	2	103550014	-	2	104582086	-	aid=328;cn={'2': {'AA': 0, 'AB': 1, 'BA': 0, 'BB': 0}};at=N
408	2	118285141	+	2	118328842	+	aid=408;cn={'2': {'AA': 0, 'AB': 1, 'BA': 0, 'BB': 0}};at=N
428	2	118311518	-	2	125873101	+	aid=428;cn={'2': {'AA': 1, 'AB': 0, 'BA': 0, 'BB': 0}};at=N
469	2	118330581	-	2	143629164	-	aid=469;cn={'2': {'AA': 0, 'AB': 0, 'BA': 0, 'BB': 1}};at=N
465	2	132366713	+	2	138515496	-	aid=465;cn={'2': {'AA': 0, 'AB': 0, 'BA': 0, 'BB': 1}};at=N
457	2	132370803	-	2	134249490	-	aid=457;cn={'2': {'AA': 0, 'AB': 0, 'BA': 0, 'BB': 1}};at=N
470	2	133907213	+	4	143847090	+	aid=470;cn={'2': {'AA': 0, 'AB': 0, 'BA': 0, 'BB': 0}};at=N
514	2	133984662	-	4	173096325	+	aid=514;cn={'2': {'AA': 0, 'AB': 0, 'BA': 0, 'BB': 0}};at=N
461	2	134209281	+	2	138067576	+	aid=461;cn={'2': {'AA': 0, 'AB': 0, 'BA': 1, 'BB': 0}};at=N
460	2	134332459	-	2	137956045	+	aid=460;cn={'2': {'AA': 0, 'AB': 0, 'BA': 0, 'BB': 0}};at=N
464	2	134684884	+	2	138491309	+	aid=464;cn={'2': {'AA': 0, 'AB': 0, 'BA': 0, 'BB': 1}};at=N
462	2	134695117	-	2	138071864	-	aid=462;cn={'2': {'AA': 0, 'AB': 0, 'BA': 1, 'BB': 0}};at=N
459	2	137207478	+	2	137255576	-	aid=459;cn={'2': {'AA': 0, 'AB': 0, 'BA': 0, 'BB': 1}};at=N
463	2	137956806	-	2	138164615	+	aid=463;cn={'2': {'AA': 1, 'AB': 0, 'BA': 0, 'BB': 0}};at=N
466	2	138183584	-	2	139215797	+	aid=466;cn={'2': {'AA': 0, 'AB': 0, 'BA': 0, 'BB': 0}};at=N
467	2	140537976	+	2	140540736	-	aid=467;cn={'2': {'AA': 0, 'AB': 0, 'BA': 0, 'BB': 1}};at=N
475	2	143493486	+	2	152521862	+	aid=475;cn={'2': {'AA': 0, 'AB': 0, 'BA': 0, 'BB': 1}};at=N
499	2	149893998	-	2	157312435	+	aid=499;cn={'2': {'AA': 0, 'AB': 1, 'BA': 0, 'BB': 0}};at=N
500	2	155951486	-	2	157333009	-	aid=500;cn={'2': {'AA': 0, 'AB': 0, 'BA': 0, 'BB': 1}};at=N
527	2	186712572	+	2	187111776	-	aid=527;cn={'2': {'AA': 1, 'AB': 0, 'BA': 0, 'BB': 0}};at=N
82	20	47084012	-	20	47274681	+	aid=82;cn={'2': {'AA': 0, 'AB': 0, 'BA': 0, 'BB': 1}};at=N
180	3	77491118	+	3	78146350	-	aid=180;cn={'2': {'AA': 0, 'AB': 0, 'BA': 0, 'BB': 1}};at=N
215	3	82807740	+	3	84528159	-	aid=215;cn={'2': {'AA': 0, 'AB': 0, 'BA': 0, 'BB': 1}};at=N
295	3	97283672	-	3	98154359	+	aid=295;cn={'2': {'AA': 0, 'AB': 0, 'BA': 0, 'BB': 1}};at=N
506	3	98229474	+	3	160503482	+	aid=506;cn={'2': {'AA': 0, 'AB': 1, 'BA': 0, 'BB': 0}};at=N
505	3	113949352	-	3	160502955	-	aid=505;cn={'2': {'AA': 0, 'AB': 0, 'BA': 0, 'BB': 1}};at=N
234	3	113971079	-	7	86218584	+	aid=234;cn={'2': {'AA': 0, 'AB': 0, 'BA': 0, 'BB': 1}};at=N
489	3	113971185	-	3	155796112	+	aid=489;cn={'2': {'AA': 1, 'AB': 0, 'BA': 0, 'BB': 0}};at=N
379	3	115554013	+	3	115557414	-	aid=379;cn={'2': {'AA': 0, 'AB': 0, 'BA': 0, 'BB': 1}};at=N
227	3	150844068	-	7	85866150	+	aid=227;cn={'2': {'AA': 0, 'AB': 0, 'BA': 1, 'BB': 0}};at=N
502	3	155432267	-	3	160296028	-	aid=502;cn={'2': {'AA': 0, 'AB': 0, 'BA': 1, 'BB': 0}};at=N
498	3	155435085	+	3	156260880	-	aid=498;cn={'2': {'AA': 0, 'AB': 1, 'BA': 0, 'BB': 0}};at=N
282	3	155762547	+	7	91363064	-	aid=282;cn={'2': {'AA': 1, 'AB': 0, 'BA': 0, 'BB': 0}};at=N
504	3	155762548	-	3	160358317	-	aid=504;cn={'2': {'AA': 0, 'AB': 1, 'BA': 0, 'BB': 0}};at=N
233	3	155795945	-	7	86218473	+	aid=233;cn={'2': {'AA': 0, 'AB': 1, 'BA': 0, 'BB': 0}};at=N
202	3	156190744	-	7	82773022	-	aid=202;cn={'2': {'AA': 0, 'AB': 0, 'BA': 0, 'BB': 1}};at=N
209	3	156197023	+	7	82799454	+	aid=209;cn={'2': {'AA': 0, 'AB': 0, 'BA': 1, 'BB': 0}};at=N
238	3	156197205	+	7	86247235	-	aid=238;cn={'2': {'AA': 1, 'AB': 0, 'BA': 0, 'BB': 0}};at=N
226	3	156260879	+	7	85826942	+	aid=226;cn={'2': {'AA': 0, 'AB': 0, 'BA': 0, 'BB': 1}};at=N
224	3	156267542	+	7	85799298	-	aid=224;cn={'2': {'AA': 0, 'AB': 0, 'BA': 1, 'BB': 0}};at=N
204	3	160502954	+	7	82774780	+	aid=204;cn={'2': {'AA': 0, 'AB': 0, 'BA': 1, 'BB': 0}};at=N
235	3	161685470	-	7	86220316	-	aid=235;cn={'2': {'AA': 0, 'AB': 0, 'BA': 0, 'BB': 1}};at=N
512	3	167491693	+	3	167492251	-	aid=512;cn={'2': {'AA': 1, 'AB': 0, 'BA': 0, 'BB': 0}};at=N
323	3	173463107	+	5	103906091	+	aid=323;cn={'2': {'AA': 1, 'AB': 0, 'BA': 0, 'BB': 0}};at=N
206	3	173463108	-	7	82777688	-	aid=206;cn={'2': {'AA': 1, 'AB': 0, 'BA': 0, 'BB': 0}};at=N
225	3	173506159	+	7	85826943	-	aid=225;cn={'2': {'AA': 0, 'AB': 0, 'BA': 0, 'BB': 1}};at=N
516	3	173919340	+	3	173934124	-	aid=516;cn={'2': {'AA': 0, 'AB': 0, 'BA': 0, 'BB': 1}};at=N
520	3	180990982	+	3	181305970	-	aid=520;cn={'2': {'AA': 0, 'AB': 0, 'BA': 0, 'BB': 2}};at=N
14	4	21118576	+	X	11731274	-	aid=14;cn={'2': {'AA': 1, 'AB': 0, 'BA': 0, 'BB': 0}};at=N
15	4	21118577	-	X	11731714	+	aid=15;cn={'2': {'AA': 1, 'AB': 0, 'BA': 0, 'BB': 0}};at=N
48	4	26651995	+	4	30213853	-	aid=48;cn={'2': {'AA': 1, 'AB': 0, 'BA': 0, 'BB': 0}};at=N
147	4	60227396	+	4	65878286	+	aid=147;cn={'2': {'AA': 0, 'AB': 0, 'BA': 1, 'BB': 0}};at=N
148	4	60744257	-	4	65915376	-	aid=148;cn={'2': {'AA': 0, 'AB': 0, 'BA': 1, 'BB': 0}};at=N
134	4	61517213	+	4	61520621	-	aid=134;cn={'2': {'AA': 0, 'AB': 0, 'BA': 0, 'BB': 1}};at=N
139	4	62077355	+	4	63441721	-	aid=139;cn={'2': {'AA': 1, 'AB': 0, 'BA': 0, 'BB': 0}};at=N
149	4	67961150	+	4	67984842	-	aid=149;cn={'2': {'AA': 0, 'AB': 0, 'BA': 0, 'BB': 1}};at=N
292	4	93506164	+	4	95485214	-	aid=292;cn={'2': {'AA': 0, 'AB': 0, 'BA': 0, 'BB': 1}};at=N
341	4	102585697	+	4	107105878	+	aid=341;cn={'2': {'AA': 0, 'AB': 1, 'BA': 0, 'BB': 0}};at=N
422	4	102651739	-	4	124329113	-	aid=422;cn={'2': {'AA': 0, 'AB': 0, 'BA': 0, 'BB': 0}};at=N
440	4	103505224	-	4	127141095	+	aid=440;cn={'2': {'AA': 0, 'AB': 0, 'BA': 0, 'BB': 1}};at=N
338	4	103639784	+	4	106285413	-	aid=338;cn={'2': {'AA': 0, 'AB': 1, 'BA': 0, 'BB': 0}};at=N
327	4	104219516	+	4	104512222	-	aid=327;cn={'2': {'AA': 0, 'AB': 0, 'BA': 1, 'BB': 0}};at=N
330	4	104436206	-	4	105300548	-	aid=330;cn={'2': {'AA': 0, 'AB': 0, 'BA': 1, 'BB': 0}};at=N
444	4	104498181	+	4	128146093	-	aid=444;cn={'2': {'AA': 1, 'AB': 0, 'BA': 0, 'BB': 0}};at=N
421	4	104763841	+	4	124307619	+	aid=421;cn={'2': {'AA': 0, 'AB': 0, 'BA': 1, 'BB': 0}};at=N
432	4	105320534	+	4	126010756	-	aid=432;cn={'2': {'AA': 1, 'AB': 0, 'BA': 0, 'BB': 0}};at=N
419	4	105863462	-	4	123146127	+	aid=419;cn={'2': {'AA': 1, 'AB': 0, 'BA': 0, 'BB': 0}};at=N
441	4	106573814	+	4	127367234	-	aid=441;cn={'2': {'AA': 0, 'AB': 0, 'BA': 0, 'BB': 1}};at=N
436	4	106584353	-	4	126581208	+	aid=436;cn={'2': {'AA': 0, 'AB': 0, 'BA': 1, 'BB': 0}};at=N
420	4	123163809	-	4	123269942	-	aid=420;cn={'2': {'AA': 0, 'AB': 1, 'BA': 0, 'BB': 0}};at=N
439	4	123223724	+	4	127113968	+	aid=439;cn={'2': {'AA': 0, 'AB': 0, 'BA': 0, 'BB': 1}};at=N
437	4	124253480	+	4	126964233	+	aid=437;cn={'2': {'AA': 0, 'AB': 1, 'BA': 0, 'BB': 0}};at=N
435	4	124254709	-	4	126196987	-	aid=435;cn={'2': {'AA': 1, 'AB': 0, 'BA': 0, 'BB': 0}};at=N
443	4	126187201	+	4	128140282	+	aid=443;cn={'2': {'AA': 1, 'AB': 0, 'BA': 0, 'BB': 0}};at=N
456	4	132044195	+	4	132060629	-	aid=456;cn={'2': {'AA': 0, 'AB': 0, 'BA': 0, 'BB': 1}};at=N
524	4	143876578	-	4	182613561	+	aid=524;cn={'2': {'AA': 0, 'AB': 0, 'BA': 0, 'BB': 0}};at=N
480	4	154488172	+	4	154789124	+	aid=480;cn={'2': {'AA': 0, 'AB': 0, 'BA': 0, 'BB': 1}};at=N
479	4	154488173	-	4	154514527	-	aid=479;cn={'2': {'AA': 0, 'AB': 0, 'BA': 0, 'BB': 1}};at=N
481	4	154512042	+	4	154790127	-	aid=481;cn={'2': {'AA': 0, 'AB': 0, 'BA': 0, 'BB': 1}};at=N
513	4	168179269	+	4	169269823	-	aid=513;cn={'2': {'AA': 0, 'AB': 0, 'BA': 1, 'BB': 0}};at=N
519	4	168195618	-	4	179158925	-	aid=519;cn={'2': {'AA': 0, 'AB': 0, 'BA': 1, 'BB': 0}};at=N
522	4	168771391	+	4	181977024	+	aid=522;cn={'2': {'AA': 1, 'AB': 0, 'BA': 0, 'BB': 0}};at=N
521	4	172414418	+	4	181778209	+	aid=521;cn={'2': {'AA': 0, 'AB': 1, 'BA': 0, 'BB': 0}};at=N
523	4	172437512	-	4	181986833	-	aid=523;cn={'2': {'AA': 1, 'AB': 0, 'BA': 0, 'BB': 0}};at=N
526	4	174070049	+	4	184953976	-	aid=526;cn={'2': {'AA': 1, 'AB': 0, 'BA': 0, 'BB': 0}};at=N
525	4	181781948	-	4	183196495	+	aid=525;cn={'2': {'AA': 0, 'AB': 0, 'BA': 1, 'BB': 0}};at=N
47	4	187469741	+	22	29065856	+	aid=47;cn={'2': {'AA': 0, 'AB': 0, 'BA': 0, 'BB': 0}};at=N
45	5	26143142	+	5	26155485	-	aid=45;cn={'2': {'AA': 0, 'AB': 0, 'BA': 0, 'BB': 1}};at=N
46	5	26204938	+	5	26213016	-	aid=46;cn={'2': {'AA': 0, 'AB': 0, 'BA': 0, 'BB': 1}};at=N
318	5	84272752	+	5	103284362	-	aid=318;cn={'2': {'AA': 0, 'AB': 0, 'BA': 0, 'BB': 1}};at=N
270	5	89816503	-	5	89886974	+	aid=270;cn={'2': {'AA': 1, 'AB': 0, 'BA': 0, 'BB': 0}};at=N
288	5	93795826	-	5	93836373	+	aid=288;cn={'2': {'AA': 1, 'AB': 0, 'BA': 0, 'BB': 0}};at=N
311	5	98099127	+	5	102465390	+	aid=311;cn={'2': {'AA': 0, 'AB': 0, 'BA': 0, 'BB': 0}};at=N
305	5	99536380	-	5	100689791	-	aid=305;cn={'2': {'AA': 0, 'AB': 0, 'BA': 0, 'BB': 0}};at=N
309	5	100620350	+	5	102085461	-	aid=309;cn={'2': {'AA': 0, 'AB': 0, 'BA': 0, 'BB': 0}};at=N
324	5	102062528	+	5	104173330	-	aid=324;cn={'2': {'AA': 1, 'AB': 0, 'BA': 0, 'BB': 0}};at=N
337	5	104860738	+	5	106124547	-	aid=337;cn={'2': {'AA': 1, 'AB': 0, 'BA': 0, 'BB': 0}};at=N
415	5	119873923	+	5	119910590	+	aid=415;cn={'2': {'AA': 0, 'AB': 0, 'BA': 0, 'BB': 1}};at=N
414	5	119873924	-	5	119910493	-	aid=414;cn={'2': {'AA': 0, 'AB': 0, 'BA': 0, 'BB': 1}};at=N
508	5	159630090	+	5	161488948	-	aid=508;cn={'2': {'AA': 0, 'AB': 0, 'BA': 0, 'BB': 1}};at=N
507	5	160903149	+	5	160985274	+	aid=507;cn={'2': {'AA': 1, 'AB': 0, 'BA': 0, 'BB': 0}};at=N
6	5	160908210	-	12	8676141	+	aid=6;cn={'2': {'AA': 1, 'AB': 0, 'BA': 0, 'BB': 0}};at=N
10	5	160988297	-	12	10017571	+	aid=10;cn={'2': {'AA': 1, 'AB': 0, 'BA': 0, 'BB': 0}};at=N
42	5	162552890	-	12	18242110	-	aid=42;cn={'2': {'AA': 1, 'AB': 0, 'BA': 0, 'BB': 0}};at=N
40	5	162794419	+	12	16417515	-	aid=40;cn={'2': {'AA': 1, 'AB': 0, 'BA': 0, 'BB': 0}};at=N
510	5	164842069	+	5	164843471	-	aid=510;cn={'2': {'AA': 0, 'AB': 0, 'BA': 0, 'BB': 1}};at=N
64	6	66328455	-	8	40510815	-	aid=64;cn={'2': {'AA': 0, 'AB': 0, 'BA': 0, 'BB': 0}};at=N
344	6	77819752	+	12	107877114	-	aid=344;cn={'2': {'AA': 0, 'AB': 2, 'BA': 0, 'BB': 0}};at=N
181	6	78040766	-	6	78201784	-	aid=181;cn={'2': {'AA': 2, 'AB': 0, 'BA': 0, 'BB': 0}};at=N
182	6	78194542	+	6	78296547	-	aid=182;cn={'2': {'AA': 0, 'AB': 2, 'BA': 0, 'BB': 0}};at=N
198	6	78243484	+	6	81008462	-	aid=198;cn={'2': {'AA': 1, 'AB': 0, 'BA': 0, 'BB': 0}};at=N
363	6	78623731	+	13	112789545	-	aid=363;cn={'2': {'AA': 0, 'AB': 0, 'BA': 2, 'BB': 0}};at=N
367	6	78647228	-	13	113797641	-	aid=367;cn={'2': {'AA': 0, 'AB': 0, 'BA': 1, 'BB': 0}};at=N
184	6	78906540	+	6	78907783	-	aid=184;cn={'2': {'AA': 0, 'AB': 0, 'BA': 0, 'BB': 1}};at=N
190	6	79641475	+	6	79642478	-	aid=190;cn={'2': {'AA': 0, 'AB': 0, 'BA': 0, 'BB': 1}};at=N
352	6	80836504	+	13	110853767	+	aid=352;cn={'2': {'AA': 0, 'AB': 0, 'BA': 2, 'BB': 0}};at=N
200	6	81428138	+	6	81430159	-	aid=200;cn={'2': {'AA': 1, 'AB': 0, 'BA': 0, 'BB': 0}};at=N
211	6	82992295	+	13	82891571	-	aid=211;cn={'2': {'AA': 0, 'AB': 1, 'BA': 0, 'BB': 0}};at=N
350	6	98771752	-	10	110324901	+	aid=350;cn={'2': {'AA': 0, 'AB': 0, 'BA': 1, 'BB': 0}};at=N
75	6	99414651	+	10	43407393	+	aid=75;cn={'2': {'AA': 0, 'AB': 0, 'BA': 0, 'BB': 0}};at=N
346	6	99509540	+	10	108013087	-	aid=346;cn={'2': {'AA': 0, 'AB': 0, 'BA': 1, 'BB': 0}};at=N
348	6	99511900	-	10	110012022	-	aid=348;cn={'2': {'AA': 0, 'AB': 0, 'BA': 1, 'BB': 0}};at=N
398	6	101531195	+	10	117516813	-	aid=398;cn={'2': {'AA': 0, 'AB': 0, 'BA': 0, 'BB': 1}};at=N
307	6	101535045	-	6	101816273	-	aid=307;cn={'2': {'AA': 0, 'AB': 0, 'BA': 1, 'BB': 0}};at=N
345	6	101715955	+	10	108005930	+	aid=345;cn={'2': {'AA': 1, 'AB': 0, 'BA': 0, 'BB': 0}};at=N
349	6	101739363	-	10	110098191	-	aid=349;cn={'2': {'AA': 1, 'AB': 0, 'BA': 0, 'BB': 0}};at=N
391	6	101803616	+	10	116961066	-	aid=391;cn={'2': {'AA': 1, 'AB': 0, 'BA': 0, 'BB': 0}};at=N
340	6	101990857	+	10	107065163	-	aid=340;cn={'2': {'AA': 0, 'AB': 1, 'BA': 0, 'BB': 0}};at=N
335	6	102000457	-	10	106012184	-	aid=335;cn={'2': {'AA': 0, 'AB': 1, 'BA': 0, 'BB': 0}};at=N
334	6	103798418	+	10	106005106	+	aid=334;cn={'2': {'AA': 0, 'AB': 0, 'BA': 0, 'BB': 1}};at=N
396	6	103809907	-	10	117502254	+	aid=396;cn={'2': {'AA': 0, 'AB': 0, 'BA': 1, 'BB': 0}};at=N
113	6	104360511	+	10	56679363	+	aid=113;cn={'2': {'AA': 0, 'AB': 0, 'BA': 0, 'BB': 1}};at=N
104	6	104360581	-	10	55166350	-	aid=104;cn={'2': {'AA': 0, 'AB': 0, 'BA': 0, 'BB': 1}};at=N
322	6	110917002	+	8	103850303	-	aid=322;cn={'2': {'AA': 1, 'AB': 0, 'BA': 0, 'BB': 0}};at=N
410	6	110920239	-	6	118366472	-	aid=410;cn={'2': {'AA': 1, 'AB': 0, 'BA': 0, 'BB': 0}};at=N
409	6	111559522	+	6	118363882	+	aid=409;cn={'2': {'AA': 0, 'AB': 0, 'BA': 1, 'BB': 0}};at=N
248	6	111568421	-	8	87191922	+	aid=248;cn={'2': {'AA': 0, 'AB': 0, 'BA': 1, 'BB': 0}};at=N
359	6	111680669	+	6	112123669	+	aid=359;cn={'2': {'AA': 0, 'AB': 0, 'BA': 1, 'BB': 0}};at=N
275	6	111685032	-	8	90067360	-	aid=275;cn={'2': {'AA': 0, 'AB': 0, 'BA': 0, 'BB': 1}};at=N
259	6	112136211	-	8	87910423	+	aid=259;cn={'2': {'AA': 2, 'AB': 0, 'BA': 0, 'BB': 0}};at=N
403	6	112138806	+	6	117731568	-	aid=403;cn={'2': {'AA': 1, 'AB': 0, 'BA': 0, 'BB': 0}};at=N
364	6	112140123	-	6	113101495	-	aid=364;cn={'2': {'AA': 1, 'AB': 0, 'BA': 0, 'BB': 0}};at=N
404	6	112317415	+	6	117825005	-	aid=404;cn={'2': {'AA': 1, 'AB': 0, 'BA': 0, 'BB': 0}};at=N
245	6	112710549	+	8	86564382	-	aid=245;cn={'2': {'AA': 1, 'AB': 0, 'BA': 0, 'BB': 0}};at=N
274	6	112770095	-	8	90032482	+	aid=274;cn={'2': {'AA': 1, 'AB': 0, 'BA': 0, 'BB': 0}};at=N
412	6	113080100	+	6	118495778	+	aid=412;cn={'2': {'AA': 0, 'AB': 1, 'BA': 0, 'BB': 0}};at=N
266	6	113290613	+	8	88143499	-	aid=266;cn={'2': {'AA': 1, 'AB': 0, 'BA': 0, 'BB': 0}};at=N
389	6	113305019	-	6	116386553	-	aid=389;cn={'2': {'AA': 1, 'AB': 0, 'BA': 0, 'BB': 0}};at=N
262	6	113431902	+	8	87999367	+	aid=262;cn={'2': {'AA': 0, 'AB': 0, 'BA': 1, 'BB': 0}};at=N
372	6	113471608	-	6	114988664	+	aid=372;cn={'2': {'AA': 0, 'AB': 0, 'BA': 1, 'BB': 0}};at=N
263	6	113654174	+	8	88002503	-	aid=263;cn={'2': {'AA': 1, 'AB': 0, 'BA': 0, 'BB': 0}};at=N
406	6	113655545	-	6	117955938	-	aid=406;cn={'2': {'AA': 1, 'AB': 0, 'BA': 0, 'BB': 0}};at=N
272	6	114344076	+	8	90021113	+	aid=272;cn={'2': {'AA': 0, 'AB': 0, 'BA': 0, 'BB': 0}};at=N
402	6	114825703	+	6	117728469	+	aid=402;cn={'2': {'AA': 0, 'AB': 0, 'BA': 1, 'BB': 0}};at=N
390	6	114830485	-	6	116809920	-	aid=390;cn={'2': {'AA': 0, 'AB': 0, 'BA': 1, 'BB': 0}};at=N
268	6	115975843	-	8	88887225	+	aid=268;cn={'2': {'AA': 1, 'AB': 0, 'BA': 0, 'BB': 0}};at=N
407	6	116301366	+	6	118103826	+	aid=407;cn={'2': {'AA': 1, 'AB': 0, 'BA': 0, 'BB': 0}};at=N
247	6	116808000	+	8	86754300	+	aid=247;cn={'2': {'AA': 1, 'AB': 0, 'BA': 0, 'BB': 0}};at=N
405	6	117824896	+	6	117947925	+	aid=405;cn={'2': {'AA': 1, 'AB': 0, 'BA': 0, 'BB': 0}};at=N
231	6	118119467	-	8	86073768	+	aid=231;cn={'2': {'AA': 1, 'AB': 0, 'BA': 0, 'BB': 0}};at=N
265	6	118306113	+	8	88142854	+	aid=265;cn={'2': {'AA': 1, 'AB': 0, 'BA': 0, 'BB': 0}};at=N
246	6	118312291	-	8	86570062	+	aid=246;cn={'2': {'AA': 1, 'AB': 0, 'BA': 0, 'BB': 0}};at=N
221	6	118505328	-	8	85603922	-	aid=221;cn={'2': {'AA': 0, 'AB': 0, 'BA': 1, 'BB': 0}};at=N
454	6	126611704	+	6	130137827	-	aid=454;cn={'2': {'AA': 1, 'AB': 0, 'BA': 0, 'BB': 0}};at=N
476	6	150693714	+	6	152807465	+	aid=476;cn={'2': {'AA': 1, 'AB': 0, 'BA': 0, 'BB': 0}};at=N
284	6	150693820	-	8	92371666	+	aid=284;cn={'2': {'AA': 0, 'AB': 1, 'BA': 0, 'BB': 0}};at=N
474	6	151431966	+	6	151436116	-	aid=474;cn={'2': {'AA': 1, 'AB': 0, 'BA': 0, 'BB': 0}};at=N
329	7	27307187	-	10	105109747	-	aid=329;cn={'2': {'AA': 0, 'AB': 0, 'BA': 0, 'BB': 0}};at=N
219	7	31978847	+	15	85140952	+	aid=219;cn={'2': {'AA': 0, 'AB': 0, 'BA': 0, 'BB': 0}};at=N
220	7	31978935	-	15	85141300	+	aid=220;cn={'2': {'AA': 0, 'AB': 0, 'BA': 0, 'BB': 0}};at=N
49	7	32123529	+	7	32203688	+	aid=49;cn={'2': {'AA': 0, 'AB': 0, 'BA': 0, 'BB': 0}};at=N
91	7	47819323	+	7	50322096	+	aid=91;cn={'2': {'AA': 0, 'AB': 0, 'BA': 0, 'BB': 0}};at=N
85	7	47904077	-	7	49778227	+	aid=85;cn={'2': {'AA': 0, 'AB': 0, 'BA': 0, 'BB': 0}};at=N
112	7	49239691	+	7	56662573	+	aid=112;cn={'2': {'AA': 0, 'AB': 0, 'BA': 0, 'BB': 0}};at=N
105	7	49263866	-	7	55641448	+	aid=105;cn={'2': {'AA': 0, 'AB': 0, 'BA': 0, 'BB': 0}};at=N
110	7	49892940	-	7	56344155	+	aid=110;cn={'2': {'AA': 0, 'AB': 0, 'BA': 0, 'BB': 0}};at=N
347	7	50868745	-	7	108794043	+	aid=347;cn={'2': {'AA': 0, 'AB': 0, 'BA': 0, 'BB': 0}};at=N
413	7	51126998	+	10	118598101	+	aid=413;cn={'2': {'AA': 0, 'AB': 1, 'BA': 0, 'BB': 0}};at=N
354	7	55022897	-	10	111732746	-	aid=354;cn={'2': {'AA': 1, 'AB': 0, 'BA': 0, 'BB': 0}};at=N
108	7	56030483	+	7	56050324	-	aid=108;cn={'2': {'AA': 1, 'AB': 0, 'BA': 0, 'BB': 0}};at=N
111	7	56562402	+	7	56582046	-	aid=111;cn={'2': {'AA': 1, 'AB': 0, 'BA': 0, 'BB': 0}};at=N
114	7	56583803	+	7	56744090	+	aid=114;cn={'2': {'AA': 0, 'AB': 0, 'BA': 0, 'BB': 0}};at=N
210	7	76748333	+	7	82804412	-	aid=210;cn={'2': {'AA': 1, 'AB': 0, 'BA': 0, 'BB': 0}};at=N
310	7	82804413	-	7	102392747	-	aid=310;cn={'2': {'AA': 0, 'AB': 0, 'BA': 0, 'BB': 0}};at=N
343	7	107621576	+	7	107624987	-	aid=343;cn={'2': {'AA': 0, 'AB': 0, 'BA': 0, 'BB': 1}};at=N
353	7	111222290	+	7	111222488	-	aid=353;cn={'2': {'AA': 0, 'AB': 0, 'BA': 0, 'BB': 1}};at=N
427	7	125799046	+	7	125815530	-	aid=427;cn={'2': {'AA': 0, 'AB': 0, 'BA': 0, 'BB': 1}};at=N
468	7	138863261	+	7	141334167	-	aid=468;cn={'2': {'AA': 0, 'AB': 0, 'BA': 0, 'BB': 0}};at=N
477	7	149824369	+	7	153148791	+	aid=477;cn={'2': {'AA': 0, 'AB': 0, 'BA': 0, 'BB': 0}};at=N
478	7	153148790	+	7	153670626	-	aid=478;cn={'2': {'AA': 0, 'AB': 0, 'BA': 1, 'BB': 0}};at=N
25	8	13066819	+	8	13074358	-	aid=25;cn={'2': {'AA': 1, 'AB': 0, 'BA': 0, 'BB': 0}};at=N
197	8	38045418	-	8	80415882	-	aid=197;cn={'2': {'AA': 3, 'AB': 0, 'BA': 0, 'BB': 0}};at=N
57	8	39607523	-	8	39613655	-	aid=57;cn={'2': {'AA': 0, 'AB': 0, 'BA': 1, 'BB': 0}};at=N
68	8	39611984	+	8	40519291	+	aid=68;cn={'2': {'AA': 0, 'AB': 0, 'BA': 0, 'BB': 1}};at=N
61	8	39612094	+	8	39917338	+	aid=61;cn={'2': {'AA': 0, 'AB': 1, 'BA': 0, 'BB': 0}};at=N
62	8	39915744	-	8	40510741	+	aid=62;cn={'2': {'AA': 2, 'AB': 0, 'BA': 0, 'BB': 0}};at=N
67	8	39917235	+	8	40519106	-	aid=67;cn={'2': {'AA': 1, 'AB': 0, 'BA': 0, 'BB': 0}};at=N
69	8	39953806	-	8	40519869	+	aid=69;cn={'2': {'AA': 0, 'AB': 0, 'BA': 1, 'BB': 0}};at=N
63	8	40509605	+	8	40510895	-	aid=63;cn={'2': {'AA': 3, 'AB': 0, 'BA': 0, 'BB': 0}};at=N
66	8	40509734	-	8	40514371	+	aid=66;cn={'2': {'AA': 3, 'AB': 0, 'BA': 0, 'BB': 0}};at=N
65	8	40511758	+	8	40513770	-	aid=65;cn={'2': {'AA': 1, 'AB': 0, 'BA': 0, 'BB': 0}};at=N
55	8	40514367	+	15	37692550	+	aid=55;cn={'2': {'AA': 0, 'AB': 0, 'BA': 0, 'BB': 0}};at=N
141	8	40883540	-	12	63673997	-	aid=141;cn={'2': {'AA': 0, 'AB': 0, 'BA': 0, 'BB': 1}};at=N
136	8	41156900	+	17	62965600	-	aid=136;cn={'2': {'AA': 0, 'AB': 0, 'BA': 0, 'BB': 0}};at=N
54	8	41157095	+	22	34351498	-	aid=54;cn={'2': {'AA': 0, 'AB': 0, 'BA': 0, 'BB': 0}};at=N
72	8	41236585	+	8	41238742	-	aid=72;cn={'2': {'AA': 1, 'AB': 0, 'BA': 0, 'BB': 0}};at=N
73	8	42199207	+	8	42533089	-	aid=73;cn={'2': {'AA': 0, 'AB': 0, 'BA': 0, 'BB': 1}};at=N
102	8	51277951	+	8	53355417	-	aid=102;cn={'2': {'AA': 2, 'AB': 0, 'BA': 0, 'BB': 0}};at=N
101	8	51293657	-	8	52888676	-	aid=101;cn={'2': {'AA': 2, 'AB': 0, 'BA': 0, 'BB': 0}};at=N
93	8	51554045	+	8	51556823	-	aid=93;cn={'2': {'AA': 0, 'AB': 0, 'BA': 0, 'BB': 1}};at=N
434	8	51902897	+	12	126034061	-	aid=434;cn={'2': {'AA': 0, 'AB': 1, 'BA': 0, 'BB': 0}};at=N
455	8	51919886	-	12	131321829	-	aid=455;cn={'2': {'AA': 0, 'AB': 1, 'BA': 0, 'BB': 0}};at=N
452	8	52875228	+	12	129584696	-	aid=452;cn={'2': {'AA': 0, 'AB': 2, 'BA': 0, 'BB': 0}};at=N
433	8	53342040	+	12	126020973	+	aid=433;cn={'2': {'AA': 0, 'AB': 1, 'BA': 0, 'BB': 0}};at=N
191	8	53407075	+	8	79872914	+	aid=191;cn={'2': {'AA': 1, 'AB': 0, 'BA': 0, 'BB': 0}};at=N
162	8	53440766	-	8	73353671	+	aid=162;cn={'2': {'AA': 0, 'AB': 1, 'BA': 0, 'BB': 0}};at=N
177	8	55373516	+	8	77187348	+	aid=177;cn={'2': {'AA': 0, 'AB': 2, 'BA': 0, 'BB': 0}};at=N
107	8	55390289	-	8	55949489	-	aid=107;cn={'2': {'AA': 0, 'AB': 3, 'BA': 0, 'BB': 0}};at=N
126	8	55517397	+	8	58345242	+	aid=126;cn={'2': {'AA': 0, 'AB': 2, 'BA': 0, 'BB': 0}};at=N
127	8	55520984	+	8	58392542	-	aid=127;cn={'2': {'AA': 0, 'AB': 2, 'BA': 0, 'BB': 0}};at=N
117	8	55540172	-	8	57648108	+	aid=117;cn={'2': {'AA': 0, 'AB': 1, 'BA': 0, 'BB': 0}};at=N
178	8	55897618	+	8	77301197	-	aid=178;cn={'2': {'AA': 0, 'AB': 0, 'BA': 1, 'BB': 0}};at=N
109	8	56047626	+	8	56074970	-	aid=109;cn={'2': {'AA': 0, 'AB': 0, 'BA': 0, 'BB': 1}};at=N
164	8	56148505	+	8	73458968	+	aid=164;cn={'2': {'AA': 0, 'AB': 0, 'BA': 0, 'BB': 1}};at=N
118	8	56172935	-	8	57654769	-	aid=118;cn={'2': {'AA': 0, 'AB': 0, 'BA': 0, 'BB': 1}};at=N
122	8	56235164	-	8	57785389	-	aid=122;cn={'2': {'AA': 0, 'AB': 1, 'BA': 0, 'BB': 0}};at=N
179	8	56384616	+	8	77957817	+	aid=179;cn={'2': {'AA': 2, 'AB': 0, 'BA': 0, 'BB': 0}};at=N
115	8	56406827	-	8	57067126	-	aid=115;cn={'2': {'AA': 1, 'AB': 0, 'BA': 0, 'BB': 0}};at=N
185	8	56511136	+	8	78922371	+	aid=185;cn={'2': {'AA': 0, 'AB': 1, 'BA': 0, 'BB': 0}};at=N
165	8	56527310	-	8	73838214	+	aid=165;cn={'2': {'AA': 0, 'AB': 1, 'BA': 0, 'BB': 0}};at=N
167	8	57053435	+	8	74022165	-	aid=167;cn={'2': {'AA': 0, 'AB': 1, 'BA': 0, 'BB': 0}};at=N
116	8	57328123	+	8	57333560	-	aid=116;cn={'2': {'AA': 0, 'AB': 0, 'BA': 0, 'BB': 1}};at=N
163	8	57771198	+	8	73355725	-	aid=163;cn={'2': {'AA': 0, 'AB': 0, 'BA': 0, 'BB': 1}};at=N
128	8	60368738	+	8	60370675	-	aid=128;cn={'2': {'AA': 0, 'AB': 0, 'BA': 0, 'BB': 1}};at=N
135	8	61915684	+	8	61924508	-	aid=135;cn={'2': {'AA': 1, 'AB': 0, 'BA': 0, 'BB': 0}};at=N
133	8	63490683	+	13	61461409	+	aid=133;cn={'2': {'AA': 1, 'AB': 0, 'BA': 0, 'BB': 0}};at=N
132	8	63490684	-	13	61461055	-	aid=132;cn={'2': {'AA': 1, 'AB': 0, 'BA': 0, 'BB': 0}};at=N
140	8	63492231	+	8	63492921	-	aid=140;cn={'2': {'AA': 0, 'AB': 0, 'BA': 0, 'BB': 1}};at=N
166	8	73475321	-	8	73882581	-	aid=166;cn={'2': {'AA': 0, 'AB': 0, 'BA': 0, 'BB': 1}};at=N
186	8	73987781	+	8	78934008	-	aid=186;cn={'2': {'AA': 0, 'AB': 0, 'BA': 0, 'BB': 1}};at=N
171	8	75582876	-	8	76311246	+	aid=171;cn={'2': {'AA': 0, 'AB': 0, 'BA': 0, 'BB': 1}};at=N
172	8	76055162	+	8	76388921	+	aid=172;cn={'2': {'AA': 0, 'AB': 0, 'BA': 0, 'BB': 4}};at=N
174	8	76206040	+	8	76579890	-	aid=174;cn={'2': {'AA': 1, 'AB': 0, 'BA': 0, 'BB': 0}};at=N
170	8	76210386	-	8	76288841	-	aid=170;cn={'2': {'AA': 0, 'AB': 0, 'BA': 0, 'BB': 1}};at=N
173	8	76368019	-	8	76398673	-	aid=173;cn={'2': {'AA': 0, 'AB': 0, 'BA': 0, 'BB': 3}};at=N
175	8	77020024	+	8	77062945	-	aid=175;cn={'2': {'AA': 0, 'AB': 0, 'BA': 1, 'BB': 0}};at=N
188	8	77039605	-	8	79465453	-	aid=188;cn={'2': {'AA': 0, 'AB': 0, 'BA': 1, 'BB': 0}};at=N
187	8	77070457	+	8	79387202	+	aid=187;cn={'2': {'AA': 1, 'AB': 0, 'BA': 0, 'BB': 0}};at=N
286	8	77993024	-	8	92634927	-	aid=286;cn={'2': {'AA': 0, 'AB': 3, 'BA': 0, 'BB': 0}};at=N
285	8	79644031	+	8	92599768	+	aid=285;cn={'2': {'AA': 2, 'AB': 0, 'BA': 0, 'BB': 0}};at=N
192	8	79662059	-	8	79883559	-	aid=192;cn={'2': {'AA': 0, 'AB': 0, 'BA': 0, 'BB': 0}};at=N
287	8	85209775	+	8	93777842	-	aid=287;cn={'2': {'AA': 0, 'AB': 0, 'BA': 0, 'BB': 0}};at=N
269	8	86077274	-	8	89334780	-	aid=269;cn={'2': {'AA': 0, 'AB': 0, 'BA': 0, 'BB': 0}};at=N
254	8	87236324	-	8	87787839	-	aid=254;cn={'2': {'AA': 2, 'AB': 0, 'BA': 0, 'BB': 0}};at=N
261	8	87773805	+	8	87963312	-	aid=261;cn={'2': {'AA': 2, 'AB': 0, 'BA': 0, 'BB': 0}};at=N
271	8	88887490	-	8	90006441	+	aid=271;cn={'2': {'AA': 1, 'AB': 0, 'BA': 0, 'BB': 0}};at=N
273	8	90018710	-	8	90030363	-	aid=273;cn={'2': {'AA': 1, 'AB': 0, 'BA': 0, 'BB': 0}};at=N
321	8	90948300	+	8	103847168	+	aid=321;cn={'2': {'AA': 0, 'AB': 0, 'BA': 1, 'BB': 0}};at=N
291	8	94478694	+	8	94551051	-	aid=291;cn={'2': {'AA': 0, 'AB': 0, 'BA': 0, 'BB': 1}};at=N
351	8	110817805	+	8	110818471	-	aid=351;cn={'2': {'AA': 0, 'AB': 0, 'BA': 0, 'BB': 1}};at=N
449	8	128372358	-	8	129075123	+	aid=449;cn={'2': {'AA': 0, 'AB': 0, 'BA': 0, 'BB': 0}};at=N
79	9	8091015	-	9	44821195	+	aid=79;cn={'2': {'AA': 0, 'AB': 2, 'BA': 0, 'BB': 0}};at=N
7	9	9211007	+	9	9214900	+	aid=7;cn={'2': {'AA': 1, 'AB': 0, 'BA': 0, 'BB': 0}};at=N
155	9	30990227	+	X	70214416	+	aid=155;cn={'2': {'AA': 1, 'AB': 0, 'BA': 0, 'BB': 0}};at=N
142	9	30990400	+	X	64634661	-	aid=142;cn={'2': {'AA': 0, 'AB': 1, 'BA': 0, 'BB': 0}};at=N
241	9	31035294	-	16	86276981	-	aid=241;cn={'2': {'AA': 0, 'AB': 0, 'BA': 3, 'BB': 0}};at=N
158	9	31744277	+	X	71764925	+	aid=158;cn={'2': {'AA': 0, 'AB': 1, 'BA': 0, 'BB': 0}};at=N
143	9	31744753	-	X	64735886	-	aid=143;cn={'2': {'AA': 1, 'AB': 0, 'BA': 0, 'BB': 0}};at=N
279	9	68219266	-	X	90403026	+	aid=279;cn={'2': {'AA': 0, 'AB': 0, 'BA': 0, 'BB': 0}};at=N
416	9	120196327	-	9	120394901	+	aid=416;cn={'2': {'AA': 0, 'AB': 0, 'BA': 0, 'BB': 1}};at=N
50	X	32169655	+	X	32339505	-	aid=50;cn={'2': {'AA': 1, 'AB': 0, 'BA': 0, 'BB': 0}};at=N
253	X	32559600	+	X	87687296	-	aid=253;cn={'2': {'AA': 1, 'AB': 0, 'BA': 0, 'BB': 0}};at=N
252	X	33725949	-	X	87618441	+	aid=252;cn={'2': {'AA': 0, 'AB': 0, 'BA': 1, 'BB': 0}};at=N
137	X	63012837	+	X	63220082	-	aid=137;cn={'2': {'AA': 0, 'AB': 0, 'BA': 1, 'BB': 0}};at=N
183	X	63204770	-	X	78355038	+	aid=183;cn={'2': {'AA': 0, 'AB': 0, 'BA': 0, 'BB': 1}};at=N
138	X	63205688	+	X	63429260	+	aid=138;cn={'2': {'AA': 0, 'AB': 0, 'BA': 1, 'BB': 0}};at=N
280	X	64495410	-	X	90575519	+	aid=280;cn={'2': {'AA': 0, 'AB': 0, 'BA': 0, 'BB': 8}};at=N
154	X	64634811	-	X	70214166	-	aid=154;cn={'2': {'AA': 1, 'AB': 0, 'BA': 0, 'BB': 0}};at=N
145	X	64736345	+	X	64744457	+	aid=145;cn={'2': {'AA': 0, 'AB': 0, 'BA': 2, 'BB': 0}};at=N
144	X	64743540	-	16	86277337	+	aid=144;cn={'2': {'AA': 0, 'AB': 0, 'BA': 3, 'BB': 0}};at=N
151	X	67040172	+	X	68880255	-	aid=151;cn={'2': {'AA': 0, 'AB': 0, 'BA': 0, 'BB': 3}};at=N
156	X	67080715	-	X	70776437	-	aid=156;cn={'2': {'AA': 0, 'AB': 0, 'BA': 0, 'BB': 2}};at=N
161	X	67993596	+	X	73024635	-	aid=161;cn={'2': {'AA': 0, 'AB': 0, 'BA': 0, 'BB': 1}};at=N
150	X	68715929	+	16	86120472	+	aid=150;cn={'2': {'AA': 0, 'AB': 0, 'BA': 7, 'BB': 0}};at=N
159	X	68906222	+	X	72828765	-	aid=159;cn={'2': {'AA': 0, 'AB': 0, 'BA': 0, 'BB': 4}};at=N
153	X	68906297	-	16	86225515	-	aid=153;cn={'2': {'AA': 0, 'AB': 0, 'BA': 0, 'BB': 2}};at=N
157	X	69755961	+	X	71718548	+	aid=157;cn={'2': {'AA': 0, 'AB': 0, 'BA': 0, 'BB': 1}};at=N
160	X	72796428	-	X	72829522	+	aid=160;cn={'2': {'AA': 0, 'AB': 0, 'BA': 0, 'BB': 5}};at=N
217	X	73708593	+	X	84834635	+	aid=217;cn={'2': {'AA': 0, 'AB': 0, 'BA': 0, 'BB': 5}};at=N
216	X	84791165	-	16	86938735	+	aid=216;cn={'2': {'AA': 0, 'AB': 0, 'BA': 0, 'BB': 5}};at=N
258	X	87544586	-	X	87880345	+	aid=258;cn={'2': {'AA': 1, 'AB': 0, 'BA': 0, 'BB': 0}};at=N
264	X	88018318	-	16	87631822	-	aid=264;cn={'2': {'AA': 0, 'AB': 0, 'BA': 0, 'BB': 8}};at=N
276	X	88706219	+	X	90295010	-	aid=276;cn={'2': {'AA': 0, 'AB': 0, 'BA': 0, 'BB': 0}};at=N
277	X	88706289	+	X	90314916	-	aid=277;cn={'2': {'AA': 0, 'AB': 0, 'BA': 0, 'BB': 0}};at=N
278	X	90295179	+	X	90314996	-	aid=278;cn={'2': {'AA': 0, 'AB': 0, 'BA': 0, 'BB': 1}};at=N
281	X	90782488	-	16	60816532	+	aid=281;cn={'2': {'AA': 1, 'AB': 0, 'BA': 0, 'BB': 0}};at=N
301	X	99148166	+	X	99149004	-	aid=301;cn={'2': {'AA': 1, 'AB': 0, 'BA': 0, 'BB': 0}};at=N
471	X	144358127	+	X	146942016	-	aid=471;cn={'2': {'AA': 1, 'AB': 0, 'BA': 0, 'BB': 0}};at=N
r1	1	74999	+	1	75000	-	aid=r1;cn={'2': {'AA': 1, 'AB': 0, 'BA': 0, 'BB': 1}};at=R
r2	1	249999	+	1	250000	-	aid=r2;cn={'2': {'AA': 1, 'AB': 0, 'BA': 0, 'BB': 1}};at=R
r3	1	399999	+	1	400000	-	aid=r3;cn={'2': {'AA': 1, 'AB': 0, 'BA': 0, 'BB': 1}};at=R
r4	1	599999	+	1	600000	-	aid=r4;cn={'2': {'AA': 1, 'AB': 0, 'BA': 0, 'BB': 1}};at=R
r5	1	2599999	+	1	2600000	-	aid=r5;cn={'2': {'AA': 1, 'AB': 0, 'BA': 0, 'BB': 1}};at=R
r6	1	2649999	+	1	2650000	-	aid=r6;cn={'2': {'AA': 1, 'AB': 0, 'BA': 0, 'BB': 1}};at=R
r7	1	7399999	+	1	7400000	-	aid=r7;cn={'2': {'AA': 1, 'AB': 0, 'BA': 0, 'BB': 1}};at=R
r8	1	7449999	+	1	7450000	-	aid=r8;cn={'2': {'AA': 1, 'AB': 0, 'BA': 0, 'BB': 1}};at=R
r9	1	12849999	+	1	12850000	-	aid=r9;cn={'2': {'AA': 1, 'AB': 0, 'BA': 0, 'BB': 1}};at=R
r10	1	13149999	+	1	13150000	-	aid=r10;cn={'2': {'AA': 1, 'AB': 0, 'BA': 0, 'BB': 1}};at=R
r11	1	13199999	+	1	13200000	-	aid=r11;cn={'2': {'AA': 1, 'AB': 0, 'BA': 0, 'BB': 1}};at=R
r12	1	13274999	+	1	13275000	-	aid=r12;cn={'2': {'AA': 1, 'AB': 0, 'BA': 0, 'BB': 1}};at=R
r13	1	13349999	+	1	13350000	-	aid=r13;cn={'2': {'AA': 1, 'AB': 0, 'BA': 0, 'BB': 1}};at=R
r14	1	13599999	+	1	13600000	-	aid=r14;cn={'2': {'AA': 1, 'AB': 0, 'BA': 0, 'BB': 1}};at=R
r15	1	17099999	+	1	17100000	-	aid=r15;cn={'2': {'AA': 1, 'AB': 0, 'BA': 0, 'BB': 1}};at=R
r16	1	17149999	+	1	17150000	-	aid=r16;cn={'2': {'AA': 1, 'AB': 0, 'BA': 0, 'BB': 1}};at=R
r17	1	26898224	+	1	26898225	-	aid=r17;cn={'2': {'AA': 0, 'AB': 0, 'BA': 0, 'BB': 1}};at=R
r18	1	26905969	+	1	26905970	-	aid=r18;cn={'2': {'AA': 0, 'AB': 0, 'BA': 0, 'BB': 1}};at=R
r19	1	27280900	+	1	27280901	-	aid=r19;cn={'2': {'AA': 0, 'AB': 0, 'BA': 0, 'BB': 1}};at=R
r20	1	27284292	+	1	27284293	-	aid=r20;cn={'2': {'AA': 0, 'AB': 0, 'BA': 0, 'BB': 1}};at=R
r21	1	28391109	+	1	28391110	-	aid=r21;cn={'2': {'AA': 1, 'AB': 0, 'BA': 0, 'BB': 0}};at=R
r22	1	28428383	+	1	28428384	-	aid=r22;cn={'2': {'AA': 0, 'AB': 0, 'BA': 0, 'BB': 0}};at=R
r23	1	28431830	+	1	28431831	-	aid=r23;cn={'2': {'AA': 0, 'AB': 0, 'BA': 0, 'BB': 0}};at=R
r24	1	28654771	+	1	28654772	-	aid=r24;cn={'2': {'AA': 0, 'AB': 0, 'BA': 0, 'BB': 0}};at=R
r25	1	28658117	+	1	28658118	-	aid=r25;cn={'2': {'AA': 0, 'AB': 0, 'BA': 0, 'BB': 0}};at=R
r26	1	28658643	+	1	28658644	-	aid=r26;cn={'2': {'AA': 1, 'AB': 0, 'BA': 0, 'BB': 0}};at=R
r27	1	28661492	+	1	28661493	-	aid=r27;cn={'2': {'AA': 1, 'AB': 0, 'BA': 0, 'BB': 0}};at=R
r28	1	30544710	+	1	30544711	-	aid=r28;cn={'2': {'AA': 1, 'AB': 0, 'BA': 0, 'BB': 0}};at=R
r29	1	30549999	+	1	30550000	-	aid=r29;cn={'2': {'AA': 1, 'AB': 0, 'BA': 0, 'BB': 0}};at=R
r30	1	31090780	+	1	31090781	-	aid=r30;cn={'2': {'AA': 1, 'AB': 0, 'BA': 0, 'BB': 0}};at=R
r31	1	31099999	+	1	31100000	-	aid=r31;cn={'2': {'AA': 1, 'AB': 0, 'BA': 0, 'BB': 1}};at=R
r32	1	32649741	+	1	32649742	-	aid=r32;cn={'2': {'AA': 0, 'AB': 0, 'BA': 0, 'BB': 1}};at=R
r33	1	32649999	+	1	32650000	-	aid=r33;cn={'2': {'AA': 0, 'AB': 0, 'BA': 0, 'BB': 1}};at=R
r34	1	32667667	+	1	32667668	-	aid=r34;cn={'2': {'AA': 0, 'AB': 0, 'BA': 0, 'BB': 1}};at=R
r35	1	32699999	+	1	32700000	-	aid=r35;cn={'2': {'AA': 1, 'AB': 0, 'BA': 0, 'BB': 1}};at=R
r36	1	66099999	+	1	66100000	-	aid=r36;cn={'2': {'AA': 1, 'AB': 0, 'BA': 0, 'BB': 1}};at=R
r37	1	66149999	+	1	66150000	-	aid=r37;cn={'2': {'AA': 1, 'AB': 0, 'BA': 0, 'BB': 1}};at=R
r38	1	66549999	+	1	66550000	-	aid=r38;cn={'2': {'AA': 1, 'AB': 0, 'BA': 0, 'BB': 1}};at=R
r39	1	66599999	+	1	66600000	-	aid=r39;cn={'2': {'AA': 1, 'AB': 0, 'BA': 0, 'BB': 1}};at=R
r40	1	86287081	+	1	86287082	-	aid=r40;cn={'2': {'AA': 0, 'AB': 0, 'BA': 0, 'BB': 1}};at=R
r41	1	86288892	+	1	86288893	-	aid=r41;cn={'2': {'AA': 0, 'AB': 0, 'BA': 0, 'BB': 1}};at=R
r42	1	92649999	+	1	92650000	-	aid=r42;cn={'2': {'AA': 1, 'AB': 0, 'BA': 0, 'BB': 1}};at=R
r43	1	92699999	+	1	92700000	-	aid=r43;cn={'2': {'AA': 1, 'AB': 0, 'BA': 0, 'BB': 1}};at=R
r44	1	92749999	+	1	92750000	-	aid=r44;cn={'2': {'AA': 1, 'AB': 0, 'BA': 0, 'BB': 1}};at=R
r45	1	99292528	+	1	99292529	-	aid=r45;cn={'2': {'AA': 1, 'AB': 0, 'BA': 0, 'BB': 0}};at=R
r46	1	99292643	+	1	99292644	-	aid=r46;cn={'2': {'AA': 1, 'AB': 0, 'BA': 0, 'BB': 0}};at=R
r47	1	105024999	+	1	105025000	-	aid=r47;cn={'2': {'AA': 1, 'AB': 0, 'BA': 0, 'BB': 1}};at=R
r48	1	105124999	+	1	105125000	-	aid=r48;cn={'2': {'AA': 1, 'AB': 0, 'BA': 0, 'BB': 1}};at=R
r49	1	110199999	+	1	110200000	-	aid=r49;cn={'2': {'AA': 1, 'AB': 0, 'BA': 0, 'BB': 1}};at=R
r50	1	110249999	+	1	110250000	-	aid=r50;cn={'2': {'AA': 1, 'AB': 0, 'BA': 0, 'BB': 1}};at=R
r51	1	118470249	+	1	118470250	-	aid=r51;cn={'2': {'AA': 0, 'AB': 0, 'BA': 0, 'BB': 1}};at=R
r52	1	118473592	+	1	118473593	-	aid=r52;cn={'2': {'AA': 0, 'AB': 0, 'BA': 0, 'BB': 1}};at=R
r53	1	120549999	+	1	120550000	-	aid=r53;cn={'2': {'AA': 1, 'AB': 0, 'BA': 0, 'BB': 1}};at=R
r54	1	120599999	+	1	120600000	-	aid=r54;cn={'2': {'AA': 1, 'AB': 0, 'BA': 0, 'BB': 1}};at=R
r55	1	120649999	+	1	120650000	-	aid=r55;cn={'2': {'AA': 1, 'AB': 0, 'BA': 0, 'BB': 1}};at=R
r56	1	120999999	+	1	121000000	-	aid=r56;cn={'2': {'AA': 1, 'AB': 0, 'BA': 0, 'BB': 1}};at=R
r57	1	121099999	+	1	121100000	-	aid=r57;cn={'2': {'AA': 1, 'AB': 0, 'BA': 0, 'BB': 1}};at=R
r58	1	121149999	+	1	121150000	-	aid=r58;cn={'2': {'AA': 1, 'AB': 0, 'BA': 0, 'BB': 1}};at=R
r59	1	121349999	+	1	121350000	-	aid=r59;cn={'2': {'AA': 1, 'AB': 0, 'BA': 0, 'BB': 1}};at=R
r60	1	121449999	+	1	121450000	-	aid=r60;cn={'2': {'AA': 1, 'AB': 0, 'BA': 0, 'BB': 1}};at=R
r61	1	131999999	+	1	132000000	-	aid=r61;cn={'2': {'AA': 1, 'AB': 0, 'BA': 0, 'BB': 1}};at=R
r62	1	142549999	+	1	142550000	-	aid=r62;cn={'2': {'AA': 1, 'AB': 0, 'BA': 0, 'BB': 1}};at=R
r63	1	142749999	+	1	142750000	-	aid=r63;cn={'2': {'AA': 1, 'AB': 0, 'BA': 0, 'BB': 1}};at=R
r64	1	142799999	+	1	142800000	-	aid=r64;cn={'2': {'AA': 1, 'AB': 0, 'BA': 0, 'BB': 1}};at=R
r65	1	142949999	+	1	142950000	-	aid=r65;cn={'2': {'AA': 1, 'AB': 0, 'BA': 0, 'BB': 1}};at=R
r66	1	143049999	+	1	143050000	-	aid=r66;cn={'2': {'AA': 1, 'AB': 0, 'BA': 0, 'BB': 1}};at=R
r67	1	143249999	+	1	143250000	-	aid=r67;cn={'2': {'AA': 1, 'AB': 0, 'BA': 0, 'BB': 1}};at=R
r68	1	144199999	+	1	144200000	-	aid=r68;cn={'2': {'AA': 1, 'AB': 0, 'BA': 0, 'BB': 1}};at=R
r69	1	144274999	+	1	144275000	-	aid=r69;cn={'2': {'AA': 1, 'AB': 0, 'BA': 0, 'BB': 1}};at=R
r70	1	144699999	+	1	144700000	-	aid=r70;cn={'2': {'AA': 1, 'AB': 0, 'BA': 0, 'BB': 1}};at=R
r71	1	144774999	+	1	144775000	-	aid=r71;cn={'2': {'AA': 1, 'AB': 0, 'BA': 0, 'BB': 1}};at=R
r72	1	144899999	+	1	144900000	-	aid=r72;cn={'2': {'AA': 1, 'AB': 0, 'BA': 0, 'BB': 1}};at=R
r73	1	144949999	+	1	144950000	-	aid=r73;cn={'2': {'AA': 1, 'AB': 0, 'BA': 0, 'BB': 1}};at=R
r74	1	146249999	+	1	146250000	-	aid=r74;cn={'2': {'AA': 1, 'AB': 0, 'BA': 0, 'BB': 1}};at=R
r75	1	146324999	+	1	146325000	-	aid=r75;cn={'2': {'AA': 1, 'AB': 0, 'BA': 0, 'BB': 1}};at=R
r76	1	150199999	+	1	150200000	-	aid=r76;cn={'2': {'AA': 1, 'AB': 0, 'BA': 0, 'BB': 1}};at=R
r77	1	150249999	+	1	150250000	-	aid=r77;cn={'2': {'AA': 1, 'AB': 0, 'BA': 0, 'BB': 1}};at=R
r78	1	152549999	+	1	152550000	-	aid=r78;cn={'2': {'AA': 1, 'AB': 0, 'BA': 0, 'BB': 1}};at=R
r79	1	152599999	+	1	152600000	-	aid=r79;cn={'2': {'AA': 1, 'AB': 0, 'BA': 0, 'BB': 1}};at=R
r80	1	152699999	+	1	152700000	-	aid=r80;cn={'2': {'AA': 1, 'AB': 0, 'BA': 0, 'BB': 1}};at=R
r81	1	152849999	+	1	152850000	-	aid=r81;cn={'2': {'AA': 1, 'AB': 0, 'BA': 0, 'BB': 1}};at=R
r82	1	152899999	+	1	152900000	-	aid=r82;cn={'2': {'AA': 1, 'AB': 0, 'BA': 0, 'BB': 1}};at=R
r83	1	152949999	+	1	152950000	-	aid=r83;cn={'2': {'AA': 1, 'AB': 0, 'BA': 0, 'BB': 1}};at=R
r84	1	153574999	+	1	153575000	-	aid=r84;cn={'2': {'AA': 1, 'AB': 0, 'BA': 0, 'BB': 1}};at=R
r85	1	153649999	+	1	153650000	-	aid=r85;cn={'2': {'AA': 1, 'AB': 0, 'BA': 0, 'BB': 1}};at=R
r86	1	154899999	+	1	154900000	-	aid=r86;cn={'2': {'AA': 1, 'AB': 0, 'BA': 0, 'BB': 1}};at=R
r87	1	154999999	+	1	155000000	-	aid=r87;cn={'2': {'AA': 1, 'AB': 0, 'BA': 0, 'BB': 1}};at=R
r88	1	155899999	+	1	155900000	-	aid=r88;cn={'2': {'AA': 1, 'AB': 0, 'BA': 0, 'BB': 1}};at=R
r89	1	155949999	+	1	155950000	-	aid=r89;cn={'2': {'AA': 1, 'AB': 0, 'BA': 0, 'BB': 1}};at=R
r90	1	157022311	+	1	157022312	-	aid=r90;cn={'2': {'AA': 0, 'AB': 0, 'BA': 0, 'BB': 1}};at=R
r91	1	157049999	+	1	157050000	-	aid=r91;cn={'2': {'AA': 0, 'AB': 0, 'BA': 0, 'BB': 1}};at=R
r92	1	157286654	+	1	157286655	-	aid=r92;cn={'2': {'AA': 0, 'AB': 0, 'BA': 0, 'BB': 1}};at=R
r93	1	157299999	+	1	157300000	-	aid=r93;cn={'2': {'AA': 0, 'AB': 0, 'BA': 0, 'BB': 2}};at=R
r94	1	157449999	+	1	157450000	-	aid=r94;cn={'2': {'AA': 0, 'AB': 0, 'BA': 0, 'BB': 2}};at=R
r95	1	157466343	+	1	157466344	-	aid=r95;cn={'2': {'AA': 0, 'AB': 0, 'BA': 0, 'BB': 1}};at=R
r96	1	157499999	+	1	157500000	-	aid=r96;cn={'2': {'AA': 0, 'AB': 0, 'BA': 0, 'BB': 1}};at=R
r97	1	157509866	+	1	157509867	-	aid=r97;cn={'2': {'AA': 0, 'AB': 0, 'BA': 0, 'BB': 1}};at=R
r98	1	157594446	+	1	157594447	-	aid=r98;cn={'2': {'AA': 2, 'AB': 0, 'BA': 0, 'BB': 0}};at=R
r99	1	157595622	+	1	157595623	-	aid=r99;cn={'2': {'AA': 2, 'AB': 0, 'BA': 0, 'BB': 0}};at=R
r100	1	157779095	+	1	157779096	-	aid=r100;cn={'2': {'AA': 2, 'AB': 0, 'BA': 0, 'BB': 0}};at=R
r101	1	157799999	+	1	157800000	-	aid=r101;cn={'2': {'AA': 2, 'AB': 0, 'BA': 0, 'BB': 0}};at=R
r102	1	158199999	+	1	158200000	-	aid=r102;cn={'2': {'AA': 2, 'AB': 0, 'BA': 0, 'BB': 0}};at=R
r103	1	158287403	+	1	158287404	-	aid=r103;cn={'2': {'AA': 1, 'AB': 0, 'BA': 0, 'BB': 0}};at=R
r104	1	158299999	+	1	158300000	-	aid=r104;cn={'2': {'AA': 1, 'AB': 0, 'BA': 0, 'BB': 0}};at=R
r105	1	158349999	+	1	158350000	-	aid=r105;cn={'2': {'AA': 1, 'AB': 0, 'BA': 0, 'BB': 0}};at=R
r106	1	158365577	+	1	158365578	-	aid=r106;cn={'2': {'AA': 1, 'AB': 0, 'BA': 0, 'BB': 0}};at=R
r107	1	158421484	+	1	158421485	-	aid=r107;cn={'2': {'AA': 0, 'AB': 0, 'BA': 0, 'BB': 1}};at=R
r108	1	158422657	+	1	158422658	-	aid=r108;cn={'2': {'AA': 0, 'AB': 0, 'BA': 0, 'BB': 1}};at=R
r109	1	158599999	+	1	158600000	-	aid=r109;cn={'2': {'AA': 0, 'AB': 0, 'BA': 0, 'BB': 2}};at=R
r110	1	158634755	+	1	158634756	-	aid=r110;cn={'2': {'AA': 0, 'AB': 0, 'BA': 0, 'BB': 1}};at=R
r111	1	158635773	+	1	158635774	-	aid=r111;cn={'2': {'AA': 0, 'AB': 0, 'BA': 0, 'BB': 1}};at=R
r112	1	158642196	+	1	158642197	-	aid=r112;cn={'2': {'AA': 0, 'AB': 0, 'BA': 0, 'BB': 1}};at=R
r113	1	158649999	+	1	158650000	-	aid=r113;cn={'2': {'AA': 0, 'AB': 0, 'BA': 0, 'BB': 1}};at=R
r114	1	158749999	+	1	158750000	-	aid=r114;cn={'2': {'AA': 0, 'AB': 0, 'BA': 0, 'BB': 1}};at=R
r115	1	158754958	+	1	158754959	-	aid=r115;cn={'2': {'AA': 0, 'AB': 0, 'BA': 0, 'BB': 1}};at=R
r116	1	160099999	+	1	160100000	-	aid=r116;cn={'2': {'AA': 1, 'AB': 0, 'BA': 0, 'BB': 1}};at=R
r117	1	160100459	+	1	160100460	-	aid=r117;cn={'2': {'AA': 1, 'AB': 0, 'BA': 0, 'BB': 1}};at=R
r118	1	160249999	+	1	160250000	-	aid=r118;cn={'2': {'AA': 1, 'AB': 0, 'BA': 0, 'BB': 3}};at=R
r119	1	160299999	+	1	160300000	-	aid=r119;cn={'2': {'AA': 1, 'AB': 0, 'BA': 0, 'BB': 3}};at=R
r120	1	162294804	+	1	162294805	-	aid=r120;cn={'2': {'AA': 1, 'AB': 0, 'BA': 0, 'BB': 2}};at=R
r121	1	162299999	+	1	162300000	-	aid=r121;cn={'2': {'AA': 1, 'AB': 0, 'BA': 0, 'BB': 2}};at=R
r122	1	163949999	+	1	163950000	-	aid=r122;cn={'2': {'AA': 1, 'AB': 0, 'BA': 0, 'BB': 2}};at=R
r123	1	163970164	+	1	163970165	-	aid=r123;cn={'2': {'AA': 1, 'AB': 0, 'BA': 0, 'BB': 2}};at=R
r124	1	166199999	+	1	166200000	-	aid=r124;cn={'2': {'AA': 3, 'AB': 0, 'BA': 0, 'BB': 2}};at=R
r125	1	166202000	+	1	166202001	-	aid=r125;cn={'2': {'AA': 2, 'AB': 0, 'BA': 0, 'BB': 2}};at=R
r126	1	166203129	+	1	166203130	-	aid=r126;cn={'2': {'AA': 2, 'AB': 0, 'BA': 0, 'BB': 2}};at=R
r127	1	166203612	+	1	166203613	-	aid=r127;cn={'2': {'AA': 2, 'AB': 0, 'BA': 0, 'BB': 1}};at=R
r128	1	167349999	+	1	167350000	-	aid=r128;cn={'2': {'AA': 2, 'AB': 0, 'BA': 0, 'BB': 1}};at=R
r129	1	167367372	+	1	167367373	-	aid=r129;cn={'2': {'AA': 2, 'AB': 0, 'BA': 0, 'BB': 1}};at=R
r130	1	173999999	+	1	174000000	-	aid=r130;cn={'2': {'AA': 3, 'AB': 0, 'BA': 0, 'BB': 1}};at=R
r131	1	174017296	+	1	174017297	-	aid=r131;cn={'2': {'AA': 2, 'AB': 0, 'BA': 0, 'BB': 1}};at=R
r132	1	176449999	+	1	176450000	-	aid=r132;cn={'2': {'AA': 2, 'AB': 0, 'BA': 0, 'BB': 1}};at=R
r133	1	176476517	+	1	176476518	-	aid=r133;cn={'2': {'AA': 2, 'AB': 0, 'BA': 0, 'BB': 1}};at=R
r134	1	179155703	+	1	179155704	-	aid=r134;cn={'2': {'AA': 3, 'AB': 0, 'BA': 0, 'BB': 1}};at=R
r135	1	189199999	+	1	189200000	-	aid=r135;cn={'2': {'AA': 3, 'AB': 0, 'BA': 0, 'BB': 1}};at=R
r136	1	189249999	+	1	189250000	-	aid=r136;cn={'2': {'AA': 3, 'AB': 0, 'BA': 0, 'BB': 1}};at=R
r137	1	191049999	+	1	191050000	-	aid=r137;cn={'2': {'AA': 3, 'AB': 0, 'BA': 0, 'BB': 1}};at=R
r138	1	191099999	+	1	191100000	-	aid=r138;cn={'2': {'AA': 3, 'AB': 0, 'BA': 0, 'BB': 1}};at=R
r139	1	191999999	+	1	192000000	-	aid=r139;cn={'2': {'AA': 3, 'AB': 0, 'BA': 0, 'BB': 1}};at=R
r140	1	192074999	+	1	192075000	-	aid=r140;cn={'2': {'AA': 3, 'AB': 0, 'BA': 0, 'BB': 1}};at=R
r141	1	193049999	+	1	193050000	-	aid=r141;cn={'2': {'AA': 3, 'AB': 0, 'BA': 0, 'BB': 1}};at=R
r142	1	193099999	+	1	193100000	-	aid=r142;cn={'2': {'AA': 3, 'AB': 0, 'BA': 0, 'BB': 1}};at=R
r143	1	196749999	+	1	196750000	-	aid=r143;cn={'2': {'AA': 3, 'AB': 0, 'BA': 0, 'BB': 1}};at=R
r144	1	196799999	+	1	196800000	-	aid=r144;cn={'2': {'AA': 3, 'AB': 0, 'BA': 0, 'BB': 1}};at=R
r145	1	200100999	+	1	200101000	-	aid=r145;cn={'2': {'AA': 3, 'AB': 0, 'BA': 0, 'BB': 1}};at=R
r146	1	204399999	+	1	204400000	-	aid=r146;cn={'2': {'AA': 3, 'AB': 0, 'BA': 0, 'BB': 1}};at=R
r147	1	204449999	+	1	204450000	-	aid=r147;cn={'2': {'AA': 3, 'AB': 0, 'BA': 0, 'BB': 1}};at=R
r148	1	204499999	+	1	204500000	-	aid=r148;cn={'2': {'AA': 3, 'AB': 0, 'BA': 0, 'BB': 1}};at=R
r149	1	204574999	+	1	204575000	-	aid=r149;cn={'2': {'AA': 3, 'AB': 0, 'BA': 0, 'BB': 1}};at=R
r150	1	205249999	+	1	205250000	-	aid=r150;cn={'2': {'AA': 3, 'AB': 0, 'BA': 0, 'BB': 1}};at=R
r151	1	205299999	+	1	205300000	-	aid=r151;cn={'2': {'AA': 3, 'AB': 0, 'BA': 0, 'BB': 1}};at=R
r152	1	206099999	+	1	206100000	-	aid=r152;cn={'2': {'AA': 3, 'AB': 0, 'BA': 0, 'BB': 1}};at=R
r153	1	206149999	+	1	206150000	-	aid=r153;cn={'2': {'AA': 3, 'AB': 0, 'BA': 0, 'BB': 1}};at=R
r154	1	206549999	+	1	206550000	-	aid=r154;cn={'2': {'AA': 3, 'AB': 0, 'BA': 0, 'BB': 1}};at=R
r155	1	206599999	+	1	206600000	-	aid=r155;cn={'2': {'AA': 3, 'AB': 0, 'BA': 0, 'BB': 1}};at=R
r156	1	212949999	+	1	212950000	-	aid=r156;cn={'2': {'AA': 3, 'AB': 0, 'BA': 0, 'BB': 1}};at=R
r157	1	212999999	+	1	213000000	-	aid=r157;cn={'2': {'AA': 3, 'AB': 0, 'BA': 0, 'BB': 1}};at=R
r158	1	215701835	+	1	215701836	-	aid=r158;cn={'2': {'AA': 3, 'AB': 0, 'BA': 0, 'BB': 0}};at=R
r159	1	215720309	+	1	215720310	-	aid=r159;cn={'2': {'AA': 3, 'AB': 0, 'BA': 0, 'BB': 0}};at=R
r160	1	215979312	+	1	215979313	-	aid=r160;cn={'2': {'AA': 2, 'AB': 0, 'BA': 0, 'BB': 1}};at=R
r161	1	215986242	+	1	215986243	-	aid=r161;cn={'2': {'AA': 2, 'AB': 0, 'BA': 0, 'BB': 1}};at=R
r162	1	217011439	+	1	217011440	-	aid=r162;cn={'2': {'AA': 3, 'AB': 0, 'BA': 0, 'BB': 0}};at=R
r163	1	217012992	+	1	217012993	-	aid=r163;cn={'2': {'AA': 3, 'AB': 0, 'BA': 0, 'BB': 0}};at=R
r164	1	217769180	+	1	217769181	-	aid=r164;cn={'2': {'AA': 2, 'AB': 0, 'BA': 0, 'BB': 1}};at=R
r165	1	217772997	+	1	217772998	-	aid=r165;cn={'2': {'AA': 2, 'AB': 0, 'BA': 0, 'BB': 1}};at=R
r166	1	219187400	+	1	219187401	-	aid=r166;cn={'2': {'AA': 2, 'AB': 0, 'BA': 0, 'BB': 1}};at=R
r167	1	219203039	+	1	219203040	-	aid=r167;cn={'2': {'AA': 2, 'AB': 0, 'BA': 0, 'BB': 1}};at=R
r168	1	219741196	+	1	219741197	-	aid=r168;cn={'2': {'AA': 2, 'AB': 0, 'BA': 0, 'BB': 1}};at=R
r169	1	219749999	+	1	219750000	-	aid=r169;cn={'2': {'AA': 2, 'AB': 0, 'BA': 0, 'BB': 1}};at=R
r170	1	219768904	+	1	219768905	-	aid=r170;cn={'2': {'AA': 2, 'AB': 0, 'BA': 0, 'BB': 1}};at=R
r171	1	219799999	+	1	219800000	-	aid=r171;cn={'2': {'AA': 3, 'AB': 0, 'BA': 0, 'BB': 1}};at=R
r172	1	220002548	+	1	220002549	-	aid=r172;cn={'2': {'AA': 3, 'AB': 0, 'BA': 0, 'BB': 0}};at=R
r173	1	220004403	+	1	220004404	-	aid=r173;cn={'2': {'AA': 3, 'AB': 0, 'BA': 0, 'BB': 0}};at=R
r174	1	220516929	+	1	220516930	-	aid=r174;cn={'2': {'AA': 2, 'AB': 0, 'BA': 0, 'BB': 1}};at=R
r175	1	220527797	+	1	220527798	-	aid=r175;cn={'2': {'AA': 2, 'AB': 0, 'BA': 0, 'BB': 1}};at=R
r176	1	220886676	+	1	220886677	-	aid=r176;cn={'2': {'AA': 2, 'AB': 0, 'BA': 0, 'BB': 1}};at=R
r177	1	220889271	+	1	220889272	-	aid=r177;cn={'2': {'AA': 2, 'AB': 0, 'BA': 0, 'BB': 1}};at=R
r178	1	220949999	+	1	220950000	-	aid=r178;cn={'2': {'AA': 3, 'AB': 0, 'BA': 0, 'BB': 1}};at=R
r179	1	220963749	+	1	220963750	-	aid=r179;cn={'2': {'AA': 0, 'AB': 0, 'BA': 0, 'BB': 1}};at=R
r180	1	221049999	+	1	221050000	-	aid=r180;cn={'2': {'AA': 0, 'AB': 0, 'BA': 0, 'BB': 1}};at=R
r181	1	221076109	+	1	221076110	-	aid=r181;cn={'2': {'AA': 0, 'AB': 0, 'BA': 0, 'BB': 1}};at=R
r182	1	228249999	+	1	228250000	-	aid=r182;cn={'2': {'AA': 3, 'AB': 0, 'BA': 0, 'BB': 1}};at=R
r183	1	228299999	+	1	228300000	-	aid=r183;cn={'2': {'AA': 3, 'AB': 0, 'BA': 0, 'BB': 1}};at=R
r184	1	234899999	+	1	234900000	-	aid=r184;cn={'2': {'AA': 3, 'AB': 0, 'BA': 0, 'BB': 1}};at=R
r185	1	234949999	+	1	234950000	-	aid=r185;cn={'2': {'AA': 3, 'AB': 0, 'BA': 0, 'BB': 1}};at=R
r186	1	235099999	+	1	235100000	-	aid=r186;cn={'2': {'AA': 3, 'AB': 0, 'BA': 0, 'BB': 1}};at=R
r187	1	235149999	+	1	235150000	-	aid=r187;cn={'2': {'AA': 3, 'AB': 0, 'BA': 0, 'BB': 1}};at=R
r188	1	235199999	+	1	235200000	-	aid=r188;cn={'2': {'AA': 3, 'AB': 0, 'BA': 0, 'BB': 1}};at=R
r189	1	235249999	+	1	235250000	-	aid=r189;cn={'2': {'AA': 3, 'AB': 0, 'BA': 0, 'BB': 1}};at=R
r190	1	240628517	+	1	240628518	-	aid=r190;cn={'2': {'AA': 2, 'AB': 0, 'BA': 0, 'BB': 1}};at=R
r191	1	240630544	+	1	240630545	-	aid=r191;cn={'2': {'AA': 2, 'AB': 0, 'BA': 0, 'BB': 1}};at=R
r192	1	241946443	+	1	241946444	-	aid=r192;cn={'2': {'AA': 2, 'AB': 0, 'BA': 0, 'BB': 1}};at=R
r193	1	241946679	+	1	241946680	-	aid=r193;cn={'2': {'AA': 2, 'AB': 0, 'BA': 0, 'BB': 1}};at=R
r194	1	242682453	+	1	242682454	-	aid=r194;cn={'2': {'AA': 2, 'AB': 0, 'BA': 0, 'BB': 1}};at=R
r195	1	242684295	+	1	242684296	-	aid=r195;cn={'2': {'AA': 2, 'AB': 0, 'BA': 0, 'BB': 1}};at=R
r196	1	242906010	+	1	242906011	-	aid=r196;cn={'2': {'AA': 2, 'AB': 0, 'BA': 0, 'BB': 1}};at=R
r197	1	242907372	+	1	242907373	-	aid=r197;cn={'2': {'AA': 2, 'AB': 0, 'BA': 0, 'BB': 1}};at=R
r198	1	243152347	+	1	243152348	-	aid=r198;cn={'2': {'AA': 2, 'AB': 0, 'BA': 0, 'BB': 1}};at=R
r199	1	243155139	+	1	243155140	-	aid=r199;cn={'2': {'AA': 2, 'AB': 0, 'BA': 0, 'BB': 1}};at=R
r200	1	246749999	+	1	246750000	-	aid=r200;cn={'2': {'AA': 3, 'AB': 0, 'BA': 0, 'BB': 1}};at=R
r201	1	246799999	+	1	246800000	-	aid=r201;cn={'2': {'AA': 3, 'AB': 0, 'BA': 0, 'BB': 1}};at=R
r202	10	99999	+	10	100000	-	aid=r202;cn={'2': {'AA': 1, 'AB': 0, 'BA': 0, 'BB': 1}};at=R
r203	10	349999	+	10	350000	-	aid=r203;cn={'2': {'AA': 1, 'AB': 0, 'BA': 0, 'BB': 1}};at=R
r204	10	399999	+	10	400000	-	aid=r204;cn={'2': {'AA': 1, 'AB': 0, 'BA': 0, 'BB': 1}};at=R
r205	10	1049999	+	10	1050000	-	aid=r205;cn={'2': {'AA': 1, 'AB': 0, 'BA': 0, 'BB': 1}};at=R
r206	10	1099999	+	10	1100000	-	aid=r206;cn={'2': {'AA': 1, 'AB': 0, 'BA': 0, 'BB': 1}};at=R
r207	10	1649999	+	10	1650000	-	aid=r207;cn={'2': {'AA': 1, 'AB': 0, 'BA': 0, 'BB': 1}};at=R
r208	10	1699999	+	10	1700000	-	aid=r208;cn={'2': {'AA': 1, 'AB': 0, 'BA': 0, 'BB': 1}};at=R
r209	10	8604721	+	10	8604722	-	aid=r209;cn={'2': {'AA': 0, 'AB': 0, 'BA': 0, 'BB': 1}};at=R
r210	10	8604847	+	10	8604848	-	aid=r210;cn={'2': {'AA': 0, 'AB': 0, 'BA': 0, 'BB': 1}};at=R
r211	10	9280803	+	10	9280804	-	aid=r211;cn={'2': {'AA': 0, 'AB': 0, 'BA': 0, 'BB': 1}};at=R
r212	10	9280871	+	10	9280872	-	aid=r212;cn={'2': {'AA': 0, 'AB': 0, 'BA': 0, 'BB': 1}};at=R
r213	10	9630496	+	10	9630497	-	aid=r213;cn={'2': {'AA': 1, 'AB': 0, 'BA': 0, 'BB': 1}};at=R
r214	10	10999999	+	10	11000000	-	aid=r214;cn={'2': {'AA': 1, 'AB': 0, 'BA': 0, 'BB': 1}};at=R
r215	10	11049999	+	10	11050000	-	aid=r215;cn={'2': {'AA': 1, 'AB': 0, 'BA': 0, 'BB': 1}};at=R
r216	10	11449999	+	10	11450000	-	aid=r216;cn={'2': {'AA': 1, 'AB': 0, 'BA': 0, 'BB': 1}};at=R
r217	10	11464537	+	10	11464538	-	aid=r217;cn={'2': {'AA': 1, 'AB': 0, 'BA': 0, 'BB': 0}};at=R
r218	10	11569240	+	10	11569241	-	aid=r218;cn={'2': {'AA': 1, 'AB': 0, 'BA': 0, 'BB': 0}};at=R
r219	10	11599621	+	10	11599622	-	aid=r219;cn={'2': {'AA': 1, 'AB': 0, 'BA': 0, 'BB': 0}};at=R
r220	10	11599999	+	10	11600000	-	aid=r220;cn={'2': {'AA': 1, 'AB': 0, 'BA': 0, 'BB': 0}};at=R
r221	10	11607338	+	10	11607339	-	aid=r221;cn={'2': {'AA': 1, 'AB': 0, 'BA': 0, 'BB': 0}};at=R
r222	10	12099999	+	10	12100000	-	aid=r222;cn={'2': {'AA': 1, 'AB': 0, 'BA': 0, 'BB': 1}};at=R
r223	10	12116644	+	10	12116645	-	aid=r223;cn={'2': {'AA': 1, 'AB': 0, 'BA': 0, 'BB': 0}};at=R
r224	10	12134562	+	10	12134563	-	aid=r224;cn={'2': {'AA': 1, 'AB': 0, 'BA': 0, 'BB': 0}};at=R
r225	10	12150900	+	10	12150901	-	aid=r225;cn={'2': {'AA': 1, 'AB': 0, 'BA': 0, 'BB': 0}};at=R
r226	10	12193603	+	10	12193604	-	aid=r226;cn={'2': {'AA': 1, 'AB': 0, 'BA': 0, 'BB': 0}};at=R
r227	10	12199999	+	10	12200000	-	aid=r227;cn={'2': {'AA': 1, 'AB': 0, 'BA': 0, 'BB': 1}};at=R
r228	10	12367490	+	10	12367491	-	aid=r228;cn={'2': {'AA': 0, 'AB': 0, 'BA': 0, 'BB': 1}};at=R
r229	10	12379321	+	10	12379322	-	aid=r229;cn={'2': {'AA': 0, 'AB': 0, 'BA': 0, 'BB': 1}};at=R
r230	10	12441616	+	10	12441617	-	aid=r230;cn={'2': {'AA': 1, 'AB': 0, 'BA': 0, 'BB': 0}};at=R
r231	10	12442891	+	10	12442892	-	aid=r231;cn={'2': {'AA': 1, 'AB': 0, 'BA': 0, 'BB': 0}};at=R
r232	10	12875046	+	10	12875047	-	aid=r232;cn={'2': {'AA': 0, 'AB': 0, 'BA': 0, 'BB': 1}};at=R
r233	10	12888062	+	10	12888063	-	aid=r233;cn={'2': {'AA': 0, 'AB': 0, 'BA': 0, 'BB': 1}};at=R
r234	10	13108797	+	10	13108798	-	aid=r234;cn={'2': {'AA': 1, 'AB': 0, 'BA': 0, 'BB': 0}};at=R
r235	10	13113522	+	10	13113523	-	aid=r235;cn={'2': {'AA': 1, 'AB': 0, 'BA': 0, 'BB': 0}};at=R
r236	10	13998364	+	10	13998365	-	aid=r236;cn={'2': {'AA': 0, 'AB': 0, 'BA': 0, 'BB': 1}};at=R
r237	10	13998894	+	10	13998895	-	aid=r237;cn={'2': {'AA': 0, 'AB': 0, 'BA': 0, 'BB': 1}};at=R
r238	10	14551517	+	10	14551518	-	aid=r238;cn={'2': {'AA': 1, 'AB': 0, 'BA': 0, 'BB': 0}};at=R
r239	10	14570605	+	10	14570606	-	aid=r239;cn={'2': {'AA': 1, 'AB': 0, 'BA': 0, 'BB': 0}};at=R
r240	10	14581182	+	10	14581183	-	aid=r240;cn={'2': {'AA': 1, 'AB': 0, 'BA': 0, 'BB': 0}};at=R
r241	10	14758255	+	10	14758256	-	aid=r241;cn={'2': {'AA': 0, 'AB': 0, 'BA': 0, 'BB': 1}};at=R
r242	10	14767160	+	10	14767161	-	aid=r242;cn={'2': {'AA': 0, 'AB': 0, 'BA': 0, 'BB': 1}};at=R
r243	10	14889896	+	10	14889897	-	aid=r243;cn={'2': {'AA': 0, 'AB': 0, 'BA': 0, 'BB': 1}};at=R
r244	10	14891014	+	10	14891015	-	aid=r244;cn={'2': {'AA': 0, 'AB': 0, 'BA': 0, 'BB': 1}};at=R
r245	10	16268634	+	10	16268635	-	aid=r245;cn={'2': {'AA': 1, 'AB': 0, 'BA': 0, 'BB': 1}};at=R
r246	10	16349999	+	10	16350000	-	aid=r246;cn={'2': {'AA': 1, 'AB': 0, 'BA': 0, 'BB': 1}};at=R
r247	10	16399999	+	10	16400000	-	aid=r247;cn={'2': {'AA': 1, 'AB': 0, 'BA': 0, 'BB': 1}};at=R
r248	10	38674999	+	10	38675000	-	aid=r248;cn={'2': {'AA': 1, 'AB': 0, 'BA': 0, 'BB': 1}};at=R
r249	10	38749999	+	10	38750000	-	aid=r249;cn={'2': {'AA': 1, 'AB': 0, 'BA': 0, 'BB': 1}};at=R
r250	10	38949999	+	10	38950000	-	aid=r250;cn={'2': {'AA': 1, 'AB': 0, 'BA': 0, 'BB': 1}};at=R
r251	10	39049999	+	10	39050000	-	aid=r251;cn={'2': {'AA': 1, 'AB': 0, 'BA': 0, 'BB': 1}};at=R
r252	10	39099999	+	10	39100000	-	aid=r252;cn={'2': {'AA': 1, 'AB': 0, 'BA': 0, 'BB': 1}};at=R
r253	10	39149999	+	10	39150000	-	aid=r253;cn={'2': {'AA': 1, 'AB': 0, 'BA': 0, 'BB': 1}};at=R
r254	10	42499999	+	10	42500000	-	aid=r254;cn={'2': {'AA': 1, 'AB': 0, 'BA': 0, 'BB': 1}};at=R
r255	10	42549999	+	10	42550000	-	aid=r255;cn={'2': {'AA': 1, 'AB': 0, 'BA': 0, 'BB': 1}};at=R
r256	10	42649999	+	10	42650000	-	aid=r256;cn={'2': {'AA': 1, 'AB': 0, 'BA': 0, 'BB': 1}};at=R
r257	10	42799999	+	10	42800000	-	aid=r257;cn={'2': {'AA': 1, 'AB': 0, 'BA': 0, 'BB': 1}};at=R
r258	10	43344164	+	10	43344165	-	aid=r258;cn={'2': {'AA': 1, 'AB': 0, 'BA': 0, 'BB': 0}};at=R
r259	10	43351153	+	10	43351154	-	aid=r259;cn={'2': {'AA': 1, 'AB': 0, 'BA': 0, 'BB': 0}};at=R
r260	10	43399999	+	10	43400000	-	aid=r260;cn={'2': {'AA': 1, 'AB': 0, 'BA': 0, 'BB': 0}};at=R
r261	10	43407393	+	10	43407394	-	aid=r261;cn={'2': {'AA': 1, 'AB': 0, 'BA': 0, 'BB': 0}};at=R
r262	10	43449999	+	10	43450000	-	aid=r262;cn={'2': {'AA': 1, 'AB': 0, 'BA': 0, 'BB': 0}};at=R
r263	10	43463499	+	10	43463500	-	aid=r263;cn={'2': {'AA': 1, 'AB': 0, 'BA': 0, 'BB': 0}};at=R
r264	10	43499999	+	10	43500000	-	aid=r264;cn={'2': {'AA': 1, 'AB': 0, 'BA': 0, 'BB': 1}};at=R
r265	10	43899999	+	10	43900000	-	aid=r265;cn={'2': {'AA': 1, 'AB': 0, 'BA': 0, 'BB': 1}};at=R
r266	10	43932545	+	10	43932546	-	aid=r266;cn={'2': {'AA': 0, 'AB': 0, 'BA': 0, 'BB': 1}};at=R
r267	10	43949999	+	10	43950000	-	aid=r267;cn={'2': {'AA': 0, 'AB': 0, 'BA': 0, 'BB': 1}};at=R
r268	10	43951239	+	10	43951240	-	aid=r268;cn={'2': {'AA': 0, 'AB': 0, 'BA': 0, 'BB': 1}};at=R
r269	10	44077629	+	10	44077630	-	aid=r269;cn={'2': {'AA': 0, 'AB': 0, 'BA': 0, 'BB': 1}};at=R
r270	10	44099999	+	10	44100000	-	aid=r270;cn={'2': {'AA': 0, 'AB': 0, 'BA': 0, 'BB': 1}};at=R
r271	10	44134414	+	10	44134415	-	aid=r271;cn={'2': {'AA': 0, 'AB': 0, 'BA': 0, 'BB': 1}};at=R
r272	10	44149999	+	10	44150000	-	aid=r272;cn={'2': {'AA': 1, 'AB': 0, 'BA': 0, 'BB': 1}};at=R
r273	10	44347937	+	10	44347938	-	aid=r273;cn={'2': {'AA': 0, 'AB': 0, 'BA': 0, 'BB': 1}};at=R
r274	10	44349052	+	10	44349053	-	aid=r274;cn={'2': {'AA': 0, 'AB': 0, 'BA': 0, 'BB': 1}};at=R
r275	10	45048984	+	10	45048985	-	aid=r275;cn={'2': {'AA': 0, 'AB': 0, 'BA': 0, 'BB': 1}};at=R
r276	10	45058416	+	10	45058417	-	aid=r276;cn={'2': {'AA': 0, 'AB': 0, 'BA': 0, 'BB': 1}};at=R
r277	10	45599116	+	10	45599117	-	aid=r277;cn={'2': {'AA': 0, 'AB': 0, 'BA': 0, 'BB': 1}};at=R
r278	10	45599344	+	10	45599345	-	aid=r278;cn={'2': {'AA': 0, 'AB': 0, 'BA': 0, 'BB': 1}};at=R
r279	10	46249999	+	10	46250000	-	aid=r279;cn={'2': {'AA': 1, 'AB': 0, 'BA': 0, 'BB': 1}};at=R
r280	10	46749999	+	10	46750000	-	aid=r280;cn={'2': {'AA': 1, 'AB': 0, 'BA': 0, 'BB': 1}};at=R
r281	10	47041270	+	10	47041271	-	aid=r281;cn={'2': {'AA': 1, 'AB': 0, 'BA': 0, 'BB': 1}};at=R
r282	10	47079293	+	10	47079294	-	aid=r282;cn={'2': {'AA': 2, 'AB': 0, 'BA': 0, 'BB': 1}};at=R
r283	10	47149999	+	10	47150000	-	aid=r283;cn={'2': {'AA': 2, 'AB': 0, 'BA': 0, 'BB': 1}};at=R
r284	10	47249999	+	10	47250000	-	aid=r284;cn={'2': {'AA': 2, 'AB': 0, 'BA': 0, 'BB': 1}};at=R
r285	10	47346207	+	10	47346208	-	aid=r285;cn={'2': {'AA': 1, 'AB': 0, 'BA': 0, 'BB': 1}};at=R
r286	10	47348532	+	10	47348533	-	aid=r286;cn={'2': {'AA': 1, 'AB': 0, 'BA': 0, 'BB': 1}};at=R
r287	10	47593380	+	10	47593381	-	aid=r287;cn={'2': {'AA': 0, 'AB': 0, 'BA': 0, 'BB': 1}};at=R
r288	10	47593737	+	10	47593738	-	aid=r288;cn={'2': {'AA': 0, 'AB': 0, 'BA': 0, 'BB': 1}};at=R
r289	10	47699999	+	10	47700000	-	aid=r289;cn={'2': {'AA': 1, 'AB': 0, 'BA': 0, 'BB': 1}};at=R
r290	10	47749999	+	10	47750000	-	aid=r290;cn={'2': {'AA': 1, 'AB': 0, 'BA': 0, 'BB': 1}};at=R
r291	10	47874999	+	10	47875000	-	aid=r291;cn={'2': {'AA': 1, 'AB': 0, 'BA': 0, 'BB': 1}};at=R
r292	10	47999999	+	10	48000000	-	aid=r292;cn={'2': {'AA': 1, 'AB': 0, 'BA': 0, 'BB': 1}};at=R
r293	10	49099999	+	10	49100000	-	aid=r293;cn={'2': {'AA': 1, 'AB': 0, 'BA': 0, 'BB': 1}};at=R
r294	10	49249999	+	10	49250000	-	aid=r294;cn={'2': {'AA': 1, 'AB': 0, 'BA': 0, 'BB': 1}};at=R
r295	10	49806270	+	10	49806271	-	aid=r295;cn={'2': {'AA': 1, 'AB': 0, 'BA': 0, 'BB': 1}};at=R
r296	10	49835897	+	10	49835898	-	aid=r296;cn={'2': {'AA': 1, 'AB': 0, 'BA': 0, 'BB': 0}};at=R
r297	10	49849999	+	10	49850000	-	aid=r297;cn={'2': {'AA': 1, 'AB': 0, 'BA': 0, 'BB': 0}};at=R
r298	10	49851529	+	10	49851530	-	aid=r298;cn={'2': {'AA': 1, 'AB': 0, 'BA': 0, 'BB': 0}};at=R
r299	10	49872017	+	10	49872018	-	aid=r299;cn={'2': {'AA': 2, 'AB': 0, 'BA': 0, 'BB': 0}};at=R
r300	10	49873480	+	10	49873481	-	aid=r300;cn={'2': {'AA': 2, 'AB': 0, 'BA': 0, 'BB': 0}};at=R
r301	10	49898968	+	10	49898969	-	aid=r301;cn={'2': {'AA': 2, 'AB': 0, 'BA': 0, 'BB': 0}};at=R
r302	10	49899999	+	10	49900000	-	aid=r302;cn={'2': {'AA': 2, 'AB': 0, 'BA': 0, 'BB': 1}};at=R
r303	10	49902217	+	10	49902218	-	aid=r303;cn={'2': {'AA': 1, 'AB': 0, 'BA': 0, 'BB': 1}};at=R
r304	10	49908357	+	10	49908358	-	aid=r304;cn={'2': {'AA': 1, 'AB': 0, 'BA': 0, 'BB': 1}};at=R
r305	10	49949695	+	10	49949696	-	aid=r305;cn={'2': {'AA': 1, 'AB': 0, 'BA': 0, 'BB': 0}};at=R
r306	10	49972854	+	10	49972855	-	aid=r306;cn={'2': {'AA': 1, 'AB': 0, 'BA': 0, 'BB': 0}};at=R
r307	10	50449999	+	10	50450000	-	aid=r307;cn={'2': {'AA': 1, 'AB': 0, 'BA': 0, 'BB': 1}};at=R
r308	10	50524999	+	10	50525000	-	aid=r308;cn={'2': {'AA': 1, 'AB': 0, 'BA': 0, 'BB': 1}};at=R
r309	10	51199999	+	10	51200000	-	aid=r309;cn={'2': {'AA': 1, 'AB': 0, 'BA': 0, 'BB': 1}};at=R
r310	10	51324999	+	10	51325000	-	aid=r310;cn={'2': {'AA': 1, 'AB': 0, 'BA': 0, 'BB': 1}};at=R
r311	10	51424999	+	10	51425000	-	aid=r311;cn={'2': {'AA': 1, 'AB': 0, 'BA': 0, 'BB': 1}};at=R
r312	10	51499999	+	10	51500000	-	aid=r312;cn={'2': {'AA': 1, 'AB': 0, 'BA': 0, 'BB': 1}};at=R
r313	10	51549999	+	10	51550000	-	aid=r313;cn={'2': {'AA': 1, 'AB': 0, 'BA': 0, 'BB': 1}};at=R
r314	10	51552146	+	10	51552147	-	aid=r314;cn={'2': {'AA': 1, 'AB': 0, 'BA': 0, 'BB': 1}};at=R
r315	10	51599999	+	10	51600000	-	aid=r315;cn={'2': {'AA': 1, 'AB': 0, 'BA': 0, 'BB': 2}};at=R
r316	10	51674999	+	10	51675000	-	aid=r316;cn={'2': {'AA': 1, 'AB': 0, 'BA': 0, 'BB': 2}};at=R
r317	10	51899999	+	10	51900000	-	aid=r317;cn={'2': {'AA': 1, 'AB': 0, 'BA': 0, 'BB': 2}};at=R
r318	10	51999999	+	10	52000000	-	aid=r318;cn={'2': {'AA': 1, 'AB': 0, 'BA': 0, 'BB': 2}};at=R
r319	10	52238440	+	10	52238441	-	aid=r319;cn={'2': {'AA': 1, 'AB': 0, 'BA': 0, 'BB': 1}};at=R
r320	10	52249999	+	10	52250000	-	aid=r320;cn={'2': {'AA': 1, 'AB': 0, 'BA': 0, 'BB': 1}};at=R
r321	10	52299999	+	10	52300000	-	aid=r321;cn={'2': {'AA': 1, 'AB': 0, 'BA': 0, 'BB': 1}};at=R
r322	10	52305410	+	10	52305411	-	aid=r322;cn={'2': {'AA': 1, 'AB': 0, 'BA': 0, 'BB': 1}};at=R
r323	10	52488642	+	10	52488643	-	aid=r323;cn={'2': {'AA': 1, 'AB': 0, 'BA': 0, 'BB': 1}};at=R
r324	10	52495470	+	10	52495471	-	aid=r324;cn={'2': {'AA': 1, 'AB': 0, 'BA': 0, 'BB': 1}};at=R
r325	10	52499999	+	10	52500000	-	aid=r325;cn={'2': {'AA': 1, 'AB': 0, 'BA': 0, 'BB': 1}};at=R
r326	10	52574999	+	10	52575000	-	aid=r326;cn={'2': {'AA': 1, 'AB': 0, 'BA': 0, 'BB': 1}};at=R
r327	10	52807843	+	10	52807844	-	aid=r327;cn={'2': {'AA': 1, 'AB': 0, 'BA': 0, 'BB': 1}};at=R
r328	10	52807899	+	10	52807900	-	aid=r328;cn={'2': {'AA': 1, 'AB': 0, 'BA': 0, 'BB': 1}};at=R
r329	10	52808002	+	10	52808003	-	aid=r329;cn={'2': {'AA': 1, 'AB': 0, 'BA': 0, 'BB': 1}};at=R
r330	10	52817076	+	10	52817077	-	aid=r330;cn={'2': {'AA': 1, 'AB': 0, 'BA': 0, 'BB': 0}};at=R
r331	10	52827728	+	10	52827729	-	aid=r331;cn={'2': {'AA': 1, 'AB': 0, 'BA': 0, 'BB': 0}};at=R
r332	10	54697418	+	10	54697419	-	aid=r332;cn={'2': {'AA': 1, 'AB': 0, 'BA': 0, 'BB': 0}};at=R
r333	10	54699999	+	10	54700000	-	aid=r333;cn={'2': {'AA': 1, 'AB': 0, 'BA': 0, 'BB': 0}};at=R
r334	10	55149999	+	10	55150000	-	aid=r334;cn={'2': {'AA': 1, 'AB': 0, 'BA': 0, 'BB': 0}};at=R
r335	10	55166349	+	10	55166350	-	aid=r335;cn={'2': {'AA': 1, 'AB': 0, 'BA': 0, 'BB': 0}};at=R
r336	10	55649999	+	10	55650000	-	aid=r336;cn={'2': {'AA': 1, 'AB': 0, 'BA': 0, 'BB': 1}};at=R
r337	10	55665678	+	10	55665679	-	aid=r337;cn={'2': {'AA': 1, 'AB': 0, 'BA': 0, 'BB': 0}};at=R
r338	10	55677280	+	10	55677281	-	aid=r338;cn={'2': {'AA': 1, 'AB': 0, 'BA': 0, 'BB': 0}};at=R
r339	10	55699999	+	10	55700000	-	aid=r339;cn={'2': {'AA': 1, 'AB': 0, 'BA': 0, 'BB': 1}};at=R
r340	10	56679363	+	10	56679364	-	aid=r340;cn={'2': {'AA': 1, 'AB': 0, 'BA': 0, 'BB': 0}};at=R
r341	10	56679599	+	10	56679600	-	aid=r341;cn={'2': {'AA': 1, 'AB': 0, 'BA': 0, 'BB': 0}};at=R
r342	10	57780555	+	10	57780556	-	aid=r342;cn={'2': {'AA': 0, 'AB': 0, 'BA': 0, 'BB': 1}};at=R
r343	10	57787879	+	10	57787880	-	aid=r343;cn={'2': {'AA': 0, 'AB': 0, 'BA': 0, 'BB': 1}};at=R
r344	10	58674999	+	10	58675000	-	aid=r344;cn={'2': {'AA': 1, 'AB': 0, 'BA': 0, 'BB': 1}};at=R
r345	10	58749999	+	10	58750000	-	aid=r345;cn={'2': {'AA': 1, 'AB': 0, 'BA': 0, 'BB': 1}};at=R
r346	10	67199999	+	10	67200000	-	aid=r346;cn={'2': {'AA': 1, 'AB': 0, 'BA': 0, 'BB': 1}};at=R
r347	10	67249999	+	10	67250000	-	aid=r347;cn={'2': {'AA': 1, 'AB': 0, 'BA': 0, 'BB': 1}};at=R
r348	10	67699999	+	10	67700000	-	aid=r348;cn={'2': {'AA': 1, 'AB': 0, 'BA': 0, 'BB': 1}};at=R
r349	10	67749999	+	10	67750000	-	aid=r349;cn={'2': {'AA': 1, 'AB': 0, 'BA': 0, 'BB': 1}};at=R
r350	10	81249999	+	10	81250000	-	aid=r350;cn={'2': {'AA': 1, 'AB': 0, 'BA': 0, 'BB': 1}};at=R
r351	10	81299999	+	10	81300000	-	aid=r351;cn={'2': {'AA': 1, 'AB': 0, 'BA': 0, 'BB': 1}};at=R
r352	10	81449999	+	10	81450000	-	aid=r352;cn={'2': {'AA': 1, 'AB': 0, 'BA': 0, 'BB': 1}};at=R
r353	10	81499999	+	10	81500000	-	aid=r353;cn={'2': {'AA': 1, 'AB': 0, 'BA': 0, 'BB': 1}};at=R
r354	10	83786178	+	10	83786179	-	aid=r354;cn={'2': {'AA': 1, 'AB': 0, 'BA': 0, 'BB': 0}};at=R
r355	10	83799999	+	10	83800000	-	aid=r355;cn={'2': {'AA': 1, 'AB': 0, 'BA': 0, 'BB': 0}};at=R
r356	10	84096834	+	10	84096835	-	aid=r356;cn={'2': {'AA': 1, 'AB': 0, 'BA': 0, 'BB': 0}};at=R
r357	10	84099999	+	10	84100000	-	aid=r357;cn={'2': {'AA': 1, 'AB': 0, 'BA': 0, 'BB': 1}};at=R
r358	10	88999999	+	10	89000000	-	aid=r358;cn={'2': {'AA': 1, 'AB': 0, 'BA': 0, 'BB': 1}};at=R
r359	10	89274999	+	10	89275000	-	aid=r359;cn={'2': {'AA': 1, 'AB': 0, 'BA': 0, 'BB': 1}};at=R
r360	10	99912160	+	10	99912161	-	aid=r360;cn={'2': {'AA': 1, 'AB': 0, 'BA': 0, 'BB': 1}};at=R
r361	10	99912469	+	10	99912470	-	aid=r361;cn={'2': {'AA': 1, 'AB': 0, 'BA': 0, 'BB': 1}};at=R
r362	10	100499999	+	10	100500000	-	aid=r362;cn={'2': {'AA': 1, 'AB': 0, 'BA': 0, 'BB': 1}};at=R
r363	10	100549999	+	10	100550000	-	aid=r363;cn={'2': {'AA': 1, 'AB': 0, 'BA': 0, 'BB': 1}};at=R
r364	10	105109746	+	10	105109747	-	aid=r364;cn={'2': {'AA': 1, 'AB': 0, 'BA': 0, 'BB': 1}};at=R
r365	10	106005106	+	10	106005107	-	aid=r365;cn={'2': {'AA': 1, 'AB': 0, 'BA': 0, 'BB': 0}};at=R
r366	10	106012183	+	10	106012184	-	aid=r366;cn={'2': {'AA': 1, 'AB': 0, 'BA': 0, 'BB': 0}};at=R
r367	10	106931177	+	10	106931178	-	aid=r367;cn={'2': {'AA': 1, 'AB': 0, 'BA': 0, 'BB': 0}};at=R
r368	10	106949999	+	10	106950000	-	aid=r368;cn={'2': {'AA': 1, 'AB': 0, 'BA': 0, 'BB': 0}};at=R
r369	10	107049999	+	10	107050000	-	aid=r369;cn={'2': {'AA': 1, 'AB': 0, 'BA': 0, 'BB': 0}};at=R
r370	10	107065162	+	10	107065163	-	aid=r370;cn={'2': {'AA': 1, 'AB': 0, 'BA': 0, 'BB': 0}};at=R
r371	10	107349999	+	10	107350000	-	aid=r371;cn={'2': {'AA': 1, 'AB': 0, 'BA': 0, 'BB': 1}};at=R
r372	10	107371173	+	10	107371174	-	aid=r372;cn={'2': {'AA': 0, 'AB': 0, 'BA': 0, 'BB': 1}};at=R
r373	10	107385204	+	10	107385205	-	aid=r373;cn={'2': {'AA': 0, 'AB': 0, 'BA': 0, 'BB': 1}};at=R
r374	10	107399999	+	10	107400000	-	aid=r374;cn={'2': {'AA': 1, 'AB': 0, 'BA': 0, 'BB': 1}};at=R
r375	10	108005930	+	10	108005931	-	aid=r375;cn={'2': {'AA': 0, 'AB': 0, 'BA': 0, 'BB': 1}};at=R
r376	10	108013086	+	10	108013087	-	aid=r376;cn={'2': {'AA': 0, 'AB': 0, 'BA': 0, 'BB': 1}};at=R
r377	10	110005255	+	10	110005256	-	aid=r377;cn={'2': {'AA': 0, 'AB': 0, 'BA': 0, 'BB': 1}};at=R
r378	10	110012021	+	10	110012022	-	aid=r378;cn={'2': {'AA': 0, 'AB': 0, 'BA': 0, 'BB': 1}};at=R
r379	10	110049999	+	10	110050000	-	aid=r379;cn={'2': {'AA': 1, 'AB': 0, 'BA': 0, 'BB': 1}};at=R
r380	10	110081220	+	10	110081221	-	aid=r380;cn={'2': {'AA': 0, 'AB': 0, 'BA': 0, 'BB': 1}};at=R
r381	10	110098190	+	10	110098191	-	aid=r381;cn={'2': {'AA': 0, 'AB': 0, 'BA': 0, 'BB': 1}};at=R
r382	10	110099999	+	10	110100000	-	aid=r382;cn={'2': {'AA': 1, 'AB': 0, 'BA': 0, 'BB': 1}};at=R
r383	10	110324901	+	10	110324902	-	aid=r383;cn={'2': {'AA': 0, 'AB': 0, 'BA': 0, 'BB': 1}};at=R
r384	10	110349999	+	10	110350000	-	aid=r384;cn={'2': {'AA': 0, 'AB': 0, 'BA': 0, 'BB': 1}};at=R
r385	10	111732745	+	10	111732746	-	aid=r385;cn={'2': {'AA': 0, 'AB': 0, 'BA': 0, 'BB': 1}};at=R
r386	10	111733237	+	10	111733238	-	aid=r386;cn={'2': {'AA': 0, 'AB': 0, 'BA': 0, 'BB': 1}};at=R
r387	10	111736062	+	10	111736063	-	aid=r387;cn={'2': {'AA': 0, 'AB': 0, 'BA': 0, 'BB': 1}};at=R
r388	10	111749999	+	10	111750000	-	aid=r388;cn={'2': {'AA': 1, 'AB': 0, 'BA': 0, 'BB': 1}};at=R
r389	10	112104069	+	10	112104070	-	aid=r389;cn={'2': {'AA': 1, 'AB': 0, 'BA': 0, 'BB': 0}};at=R
r390	10	112105166	+	10	112105167	-	aid=r390;cn={'2': {'AA': 1, 'AB': 0, 'BA': 0, 'BB': 0}};at=R
r391	10	112340389	+	10	112340390	-	aid=r391;cn={'2': {'AA': 0, 'AB': 0, 'BA': 0, 'BB': 1}};at=R
r392	10	112341850	+	10	112341851	-	aid=r392;cn={'2': {'AA': 0, 'AB': 0, 'BA': 0, 'BB': 1}};at=R
r393	10	112460292	+	10	112460293	-	aid=r393;cn={'2': {'AA': 0, 'AB': 0, 'BA': 0, 'BB': 1}};at=R
r394	10	112464279	+	10	112464280	-	aid=r394;cn={'2': {'AA': 0, 'AB': 0, 'BA': 0, 'BB': 1}};at=R
r395	10	113444541	+	10	113444542	-	aid=r395;cn={'2': {'AA': 0, 'AB': 0, 'BA': 0, 'BB': 1}};at=R
r396	10	113449999	+	10	113450000	-	aid=r396;cn={'2': {'AA': 0, 'AB': 0, 'BA': 0, 'BB': 1}};at=R
r397	10	113599999	+	10	113600000	-	aid=r397;cn={'2': {'AA': 0, 'AB': 0, 'BA': 0, 'BB': 1}};at=R
r398	10	113624225	+	10	113624226	-	aid=r398;cn={'2': {'AA': 0, 'AB': 0, 'BA': 0, 'BB': 1}};at=R
r399	10	113649999	+	10	113650000	-	aid=r399;cn={'2': {'AA': 1, 'AB': 0, 'BA': 0, 'BB': 1}};at=R
r400	10	113869270	+	10	113869271	-	aid=r400;cn={'2': {'AA': 0, 'AB': 0, 'BA': 0, 'BB': 1}};at=R
r401	10	113876999	+	10	113877000	-	aid=r401;cn={'2': {'AA': 0, 'AB': 0, 'BA': 0, 'BB': 1}};at=R
r402	10	113877099	+	10	113877100	-	aid=r402;cn={'2': {'AA': 0, 'AB': 0, 'BA': 0, 'BB': 1}};at=R
r403	10	114249999	+	10	114250000	-	aid=r403;cn={'2': {'AA': 0, 'AB': 0, 'BA': 0, 'BB': 1}};at=R
r404	10	114624999	+	10	114625000	-	aid=r404;cn={'2': {'AA': 0, 'AB': 0, 'BA': 0, 'BB': 1}};at=R
r405	10	114636963	+	10	114636964	-	aid=r405;cn={'2': {'AA': 0, 'AB': 0, 'BA': 0, 'BB': 1}};at=R
r406	10	115031702	+	10	115031703	-	aid=r406;cn={'2': {'AA': 1, 'AB': 0, 'BA': 0, 'BB': 0}};at=R
r407	10	115032354	+	10	115032355	-	aid=r407;cn={'2': {'AA': 1, 'AB': 0, 'BA': 0, 'BB': 0}};at=R
r408	10	115060788	+	10	115060789	-	aid=r408;cn={'2': {'AA': 1, 'AB': 0, 'BA': 0, 'BB': 0}};at=R
r409	10	115449999	+	10	115450000	-	aid=r409;cn={'2': {'AA': 1, 'AB': 0, 'BA': 0, 'BB': 1}};at=R
r410	10	115493441	+	10	115493442	-	aid=r410;cn={'2': {'AA': 1, 'AB': 0, 'BA': 0, 'BB': 1}};at=R
r411	10	115499999	+	10	115500000	-	aid=r411;cn={'2': {'AA': 1, 'AB': 0, 'BA': 0, 'BB': 1}};at=R
r412	10	115531241	+	10	115531242	-	aid=r412;cn={'2': {'AA': 1, 'AB': 0, 'BA': 0, 'BB': 0}};at=R
r413	10	115535460	+	10	115535461	-	aid=r413;cn={'2': {'AA': 1, 'AB': 0, 'BA': 0, 'BB': 0}};at=R
r414	10	115629413	+	10	115629414	-	aid=r414;cn={'2': {'AA': 0, 'AB': 0, 'BA': 0, 'BB': 0}};at=R
r415	10	115629697	+	10	115629698	-	aid=r415;cn={'2': {'AA': 0, 'AB': 0, 'BA': 0, 'BB': 0}};at=R
r416	10	115861973	+	10	115861974	-	aid=r416;cn={'2': {'AA': 0, 'AB': 0, 'BA': 0, 'BB': 1}};at=R
r417	10	115880962	+	10	115880963	-	aid=r417;cn={'2': {'AA': 0, 'AB': 0, 'BA': 0, 'BB': 2}};at=R
r418	10	116145109	+	10	116145110	-	aid=r418;cn={'2': {'AA': 0, 'AB': 0, 'BA': 0, 'BB': 0}};at=R
r419	10	116155024	+	10	116155025	-	aid=r419;cn={'2': {'AA': 0, 'AB': 0, 'BA': 0, 'BB': 0}};at=R
r420	10	116215945	+	10	116215946	-	aid=r420;cn={'2': {'AA': 0, 'AB': 0, 'BA': 0, 'BB': 1}};at=R
r421	10	116220465	+	10	116220466	-	aid=r421;cn={'2': {'AA': 1, 'AB': 0, 'BA': 0, 'BB': 0}};at=R
r422	10	116228673	+	10	116228674	-	aid=r422;cn={'2': {'AA': 1, 'AB': 0, 'BA': 0, 'BB': 0}};at=R
r423	10	116599999	+	10	116600000	-	aid=r423;cn={'2': {'AA': 1, 'AB': 0, 'BA': 0, 'BB': 1}};at=R
r424	10	116639193	+	10	116639194	-	aid=r424;cn={'2': {'AA': 0, 'AB': 0, 'BA': 0, 'BB': 1}};at=R
r425	10	116949999	+	10	116950000	-	aid=r425;cn={'2': {'AA': 0, 'AB': 0, 'BA': 0, 'BB': 1}};at=R
r426	10	116961065	+	10	116961066	-	aid=r426;cn={'2': {'AA': 0, 'AB': 0, 'BA': 0, 'BB': 1}};at=R
r427	10	117024343	+	10	117024344	-	aid=r427;cn={'2': {'AA': 0, 'AB': 0, 'BA': 0, 'BB': 1}};at=R
r428	10	117050027	+	10	117050028	-	aid=r428;cn={'2': {'AA': 0, 'AB': 0, 'BA': 0, 'BB': 1}};at=R
r429	10	117265790	+	10	117265791	-	aid=r429;cn={'2': {'AA': 1, 'AB': 0, 'BA': 0, 'BB': 0}};at=R
r430	10	117281882	+	10	117281883	-	aid=r430;cn={'2': {'AA': 1, 'AB': 0, 'BA': 0, 'BB': 0}};at=R
r431	10	117499999	+	10	117500000	-	aid=r431;cn={'2': {'AA': 1, 'AB': 0, 'BA': 0, 'BB': 1}};at=R
r432	10	117502254	+	10	117502255	-	aid=r432;cn={'2': {'AA': 0, 'AB': 0, 'BA': 0, 'BB': 1}};at=R
r433	10	117507368	+	10	117507369	-	aid=r433;cn={'2': {'AA': 0, 'AB': 0, 'BA': 0, 'BB': 0}};at=R
r434	10	117516812	+	10	117516813	-	aid=r434;cn={'2': {'AA': 0, 'AB': 0, 'BA': 0, 'BB': 0}};at=R
r435	10	117529993	+	10	117529994	-	aid=r435;cn={'2': {'AA': 0, 'AB': 0, 'BA': 0, 'BB': 1}};at=R
r436	10	117549999	+	10	117550000	-	aid=r436;cn={'2': {'AA': 1, 'AB': 0, 'BA': 0, 'BB': 1}};at=R
r437	10	117680259	+	10	117680260	-	aid=r437;cn={'2': {'AA': 0, 'AB': 0, 'BA': 0, 'BB': 1}};at=R
r438	10	117683786	+	10	117683787	-	aid=r438;cn={'2': {'AA': 0, 'AB': 0, 'BA': 0, 'BB': 1}};at=R
r439	10	118598101	+	10	118598102	-	aid=r439;cn={'2': {'AA': 1, 'AB': 0, 'BA': 0, 'BB': 0}};at=R
r440	10	118599999	+	10	118600000	-	aid=r440;cn={'2': {'AA': 1, 'AB': 0, 'BA': 0, 'BB': 0}};at=R
r441	10	121049038	+	10	121049039	-	aid=r441;cn={'2': {'AA': 1, 'AB': 0, 'BA': 0, 'BB': 0}};at=R
r442	10	121049999	+	10	121050000	-	aid=r442;cn={'2': {'AA': 1, 'AB': 0, 'BA': 0, 'BB': 1}};at=R
r443	10	124759075	+	10	124759076	-	aid=r443;cn={'2': {'AA': 1, 'AB': 0, 'BA': 0, 'BB': 0}};at=R
r444	10	124765621	+	10	124765622	-	aid=r444;cn={'2': {'AA': 1, 'AB': 0, 'BA': 0, 'BB': 0}};at=R
r445	10	125091745	+	10	125091746	-	aid=r445;cn={'2': {'AA': 0, 'AB': 0, 'BA': 0, 'BB': 1}};at=R
r446	10	125099999	+	10	125100000	-	aid=r446;cn={'2': {'AA': 0, 'AB': 0, 'BA': 0, 'BB': 1}};at=R
r447	10	125113696	+	10	125113697	-	aid=r447;cn={'2': {'AA': 0, 'AB': 0, 'BA': 0, 'BB': 1}};at=R
r448	10	125149999	+	10	125150000	-	aid=r448;cn={'2': {'AA': 1, 'AB': 0, 'BA': 0, 'BB': 1}};at=R
r449	10	125575677	+	10	125575678	-	aid=r449;cn={'2': {'AA': 0, 'AB': 0, 'BA': 0, 'BB': 1}};at=R
r450	10	125939393	+	10	125939394	-	aid=r450;cn={'2': {'AA': 0, 'AB': 0, 'BA': 0, 'BB': 1}};at=R
r451	10	125945734	+	10	125945735	-	aid=r451;cn={'2': {'AA': 0, 'AB': 0, 'BA': 0, 'BB': 1}};at=R
r452	10	128899999	+	10	128900000	-	aid=r452;cn={'2': {'AA': 1, 'AB': 0, 'BA': 0, 'BB': 1}};at=R
r453	10	128936460	+	10	128936461	-	aid=r453;cn={'2': {'AA': 0, 'AB': 0, 'BA': 0, 'BB': 1}};at=R
r454	10	128944860	+	10	128944861	-	aid=r454;cn={'2': {'AA': 0, 'AB': 0, 'BA': 0, 'BB': 1}};at=R
r455	10	128949387	+	10	128949388	-	aid=r455;cn={'2': {'AA': 0, 'AB': 0, 'BA': 0, 'BB': 1}};at=R
r456	10	128949999	+	10	128950000	-	aid=r456;cn={'2': {'AA': 0, 'AB': 0, 'BA': 0, 'BB': 1}};at=R
r457	10	128999999	+	10	129000000	-	aid=r457;cn={'2': {'AA': 0, 'AB': 0, 'BA': 0, 'BB': 1}};at=R
r458	10	129008363	+	10	129008364	-	aid=r458;cn={'2': {'AA': 0, 'AB': 0, 'BA': 0, 'BB': 1}};at=R
r459	10	129546652	+	10	129546653	-	aid=r459;cn={'2': {'AA': 1, 'AB': 0, 'BA': 0, 'BB': 0}};at=R
r460	10	129574361	+	10	129574362	-	aid=r460;cn={'2': {'AA': 1, 'AB': 0, 'BA': 0, 'BB': 0}};at=R
r461	10	134649999	+	10	134650000	-	aid=r461;cn={'2': {'AA': 1, 'AB': 0, 'BA': 0, 'BB': 1}};at=R
r462	10	134699999	+	10	134700000	-	aid=r462;cn={'2': {'AA': 1, 'AB': 0, 'BA': 0, 'BB': 1}};at=R
r463	10	134883691	+	10	134883692	-	aid=r463;cn={'2': {'AA': 1, 'AB': 0, 'BA': 0, 'BB': 1}};at=R
r464	10	134899999	+	10	134900000	-	aid=r464;cn={'2': {'AA': 1, 'AB': 0, 'BA': 0, 'BB': 2}};at=R
r465	10	134986315	+	10	134986316	-	aid=r465;cn={'2': {'AA': 1, 'AB': 0, 'BA': 0, 'BB': 1}};at=R
r466	10	135049999	+	10	135050000	-	aid=r466;cn={'2': {'AA': 1, 'AB': 0, 'BA': 0, 'BB': 1}};at=R
r467	10	135299999	+	10	135300000	-	aid=r467;cn={'2': {'AA': 1, 'AB': 0, 'BA': 0, 'BB': 1}};at=R
r468	10	135399999	+	10	135400000	-	aid=r468;cn={'2': {'AA': 1, 'AB': 0, 'BA': 0, 'BB': 1}};at=R
r469	10	135449999	+	10	135450000	-	aid=r469;cn={'2': {'AA': 1, 'AB': 0, 'BA': 0, 'BB': 1}};at=R
r470	11	199999	+	11	200000	-	aid=r470;cn={'2': {'AA': 2, 'AB': 0, 'BA': 0, 'BB': 0}};at=R
r471	11	1699999	+	11	1700000	-	aid=r471;cn={'2': {'AA': 2, 'AB': 0, 'BA': 0, 'BB': 0}};at=R
r472	11	1774999	+	11	1775000	-	aid=r472;cn={'2': {'AA': 2, 'AB': 0, 'BA': 0, 'BB': 0}};at=R
r473	11	4624999	+	11	4625000	-	aid=r473;cn={'2': {'AA': 2, 'AB': 0, 'BA': 0, 'BB': 0}};at=R
r474	11	4699999	+	11	4700000	-	aid=r474;cn={'2': {'AA': 2, 'AB': 0, 'BA': 0, 'BB': 0}};at=R
r475	11	5749999	+	11	5750000	-	aid=r475;cn={'2': {'AA': 2, 'AB': 0, 'BA': 0, 'BB': 0}};at=R
r476	11	5799999	+	11	5800000	-	aid=r476;cn={'2': {'AA': 2, 'AB': 0, 'BA': 0, 'BB': 0}};at=R
r477	11	18899999	+	11	18900000	-	aid=r477;cn={'2': {'AA': 2, 'AB': 0, 'BA': 0, 'BB': 0}};at=R
r478	11	18999999	+	11	19000000	-	aid=r478;cn={'2': {'AA': 2, 'AB': 0, 'BA': 0, 'BB': 0}};at=R
r479	11	22599999	+	11	22600000	-	aid=r479;cn={'2': {'AA': 2, 'AB': 0, 'BA': 0, 'BB': 0}};at=R
r480	11	22649999	+	11	22650000	-	aid=r480;cn={'2': {'AA': 2, 'AB': 0, 'BA': 0, 'BB': 0}};at=R
r481	11	39149999	+	11	39150000	-	aid=r481;cn={'2': {'AA': 2, 'AB': 0, 'BA': 0, 'BB': 0}};at=R
r482	11	39199999	+	11	39200000	-	aid=r482;cn={'2': {'AA': 2, 'AB': 0, 'BA': 0, 'BB': 0}};at=R
r483	11	50974999	+	11	50975000	-	aid=r483;cn={'2': {'AA': 2, 'AB': 0, 'BA': 0, 'BB': 0}};at=R
r484	11	51199999	+	11	51200000	-	aid=r484;cn={'2': {'AA': 2, 'AB': 0, 'BA': 0, 'BB': 0}};at=R
r485	11	53174999	+	11	53175000	-	aid=r485;cn={'2': {'AA': 2, 'AB': 0, 'BA': 0, 'BB': 0}};at=R
r486	11	54799999	+	11	54800000	-	aid=r486;cn={'2': {'AA': 2, 'AB': 0, 'BA': 0, 'BB': 0}};at=R
r487	11	55349999	+	11	55350000	-	aid=r487;cn={'2': {'AA': 2, 'AB': 0, 'BA': 0, 'BB': 0}};at=R
r488	11	55449999	+	11	55450000	-	aid=r488;cn={'2': {'AA': 2, 'AB': 0, 'BA': 0, 'BB': 0}};at=R
r489	11	60149999	+	11	60150000	-	aid=r489;cn={'2': {'AA': 2, 'AB': 0, 'BA': 0, 'BB': 0}};at=R
r490	11	60199999	+	11	60200000	-	aid=r490;cn={'2': {'AA': 2, 'AB': 0, 'BA': 0, 'BB': 0}};at=R
r491	11	78174999	+	11	78175000	-	aid=r491;cn={'2': {'AA': 2, 'AB': 0, 'BA': 0, 'BB': 0}};at=R
r492	11	78249999	+	11	78250000	-	aid=r492;cn={'2': {'AA': 2, 'AB': 0, 'BA': 0, 'BB': 0}};at=R
r493	11	89599999	+	11	89600000	-	aid=r493;cn={'2': {'AA': 2, 'AB': 0, 'BA': 0, 'BB': 0}};at=R
r494	11	89649999	+	11	89650000	-	aid=r494;cn={'2': {'AA': 2, 'AB': 0, 'BA': 0, 'BB': 0}};at=R
r495	11	100079574	+	11	100079575	-	aid=r495;cn={'2': {'AA': 1, 'AB': 0, 'BA': 0, 'BB': 0}};at=R
r496	11	100091167	+	11	100091168	-	aid=r496;cn={'2': {'AA': 1, 'AB': 0, 'BA': 0, 'BB': 0}};at=R
r497	11	100693925	+	11	100693926	-	aid=r497;cn={'2': {'AA': 1, 'AB': 0, 'BA': 0, 'BB': 0}};at=R
r498	11	101124999	+	11	101125000	-	aid=r498;cn={'2': {'AA': 1, 'AB': 0, 'BA': 0, 'BB': 0}};at=R
r499	11	101583067	+	11	101583068	-	aid=r499;cn={'2': {'AA': 1, 'AB': 0, 'BA': 0, 'BB': 0}};at=R
r500	11	101599999	+	11	101600000	-	aid=r500;cn={'2': {'AA': 2, 'AB': 0, 'BA': 0, 'BB': 0}};at=R
r501	11	101999999	+	11	102000000	-	aid=r501;cn={'2': {'AA': 2, 'AB': 0, 'BA': 0, 'BB': 0}};at=R
r502	11	102038734	+	11	102038735	-	aid=r502;cn={'2': {'AA': 1, 'AB': 0, 'BA': 0, 'BB': 0}};at=R
r503	11	102049999	+	11	102050000	-	aid=r503;cn={'2': {'AA': 1, 'AB': 0, 'BA': 0, 'BB': 0}};at=R
r504	11	102050180	+	11	102050181	-	aid=r504;cn={'2': {'AA': 1, 'AB': 0, 'BA': 0, 'BB': 0}};at=R
r505	11	103057288	+	11	103057289	-	aid=r505;cn={'2': {'AA': 1, 'AB': 0, 'BA': 0, 'BB': 0}};at=R
r506	11	105446754	+	11	105446755	-	aid=r506;cn={'2': {'AA': 1, 'AB': 0, 'BA': 0, 'BB': 0}};at=R
r507	11	105453930	+	11	105453931	-	aid=r507;cn={'2': {'AA': 1, 'AB': 0, 'BA': 0, 'BB': 0}};at=R
r508	11	106096568	+	11	106096569	-	aid=r508;cn={'2': {'AA': 1, 'AB': 0, 'BA': 0, 'BB': 0}};at=R
r509	11	106099999	+	11	106100000	-	aid=r509;cn={'2': {'AA': 1, 'AB': 0, 'BA': 0, 'BB': 0}};at=R
r510	11	106123435	+	11	106123436	-	aid=r510;cn={'2': {'AA': 1, 'AB': 0, 'BA': 0, 'BB': 0}};at=R
r511	11	106149999	+	11	106150000	-	aid=r511;cn={'2': {'AA': 2, 'AB': 0, 'BA': 0, 'BB': 0}};at=R
r512	12	99999	+	12	100000	-	aid=r512;cn={'2': {'AA': 1, 'AB': 0, 'BA': 0, 'BB': 1}};at=R
r513	12	149999	+	12	150000	-	aid=r513;cn={'2': {'AA': 1, 'AB': 0, 'BA': 0, 'BB': 1}};at=R
r514	12	199999	+	12	200000	-	aid=r514;cn={'2': {'AA': 1, 'AB': 0, 'BA': 0, 'BB': 1}};at=R
r515	12	4975678	+	12	4975679	-	aid=r515;cn={'2': {'AA': 1, 'AB': 0, 'BA': 0, 'BB': 1}};at=R
r516	12	4999999	+	12	5000000	-	aid=r516;cn={'2': {'AA': 2, 'AB': 0, 'BA': 0, 'BB': 1}};at=R
r517	12	5099999	+	12	5100000	-	aid=r517;cn={'2': {'AA': 2, 'AB': 0, 'BA': 0, 'BB': 1}};at=R
r518	12	5199999	+	12	5200000	-	aid=r518;cn={'2': {'AA': 2, 'AB': 0, 'BA': 0, 'BB': 1}};at=R
r519	12	5249999	+	12	5250000	-	aid=r519;cn={'2': {'AA': 2, 'AB': 0, 'BA': 0, 'BB': 1}};at=R
r520	12	5299999	+	12	5300000	-	aid=r520;cn={'2': {'AA': 2, 'AB': 0, 'BA': 0, 'BB': 1}};at=R
r521	12	5349999	+	12	5350000	-	aid=r521;cn={'2': {'AA': 2, 'AB': 0, 'BA': 0, 'BB': 1}};at=R
r522	12	5449999	+	12	5450000	-	aid=r522;cn={'2': {'AA': 2, 'AB': 0, 'BA': 0, 'BB': 1}};at=R
r523	12	5499999	+	12	5500000	-	aid=r523;cn={'2': {'AA': 2, 'AB': 0, 'BA': 0, 'BB': 1}};at=R
r524	12	5899999	+	12	5900000	-	aid=r524;cn={'2': {'AA': 2, 'AB': 0, 'BA': 0, 'BB': 1}};at=R
r525	12	6049999	+	12	6050000	-	aid=r525;cn={'2': {'AA': 2, 'AB': 0, 'BA': 0, 'BB': 1}};at=R
r526	12	6062157	+	12	6062158	-	aid=r526;cn={'2': {'AA': 1, 'AB': 0, 'BA': 0, 'BB': 1}};at=R
r527	12	7059194	+	12	7059195	-	aid=r527;cn={'2': {'AA': 1, 'AB': 0, 'BA': 0, 'BB': 1}};at=R
r528	12	8499999	+	12	8500000	-	aid=r528;cn={'2': {'AA': 1, 'AB': 0, 'BA': 0, 'BB': 1}};at=R
r529	12	8549999	+	12	8550000	-	aid=r529;cn={'2': {'AA': 1, 'AB': 0, 'BA': 0, 'BB': 1}};at=R
r530	12	8599999	+	12	8600000	-	aid=r530;cn={'2': {'AA': 1, 'AB': 0, 'BA': 0, 'BB': 1}};at=R
r531	12	8649999	+	12	8650000	-	aid=r531;cn={'2': {'AA': 1, 'AB': 0, 'BA': 0, 'BB': 1}};at=R
r532	12	8676141	+	12	8676142	-	aid=r532;cn={'2': {'AA': 0, 'AB': 0, 'BA': 0, 'BB': 1}};at=R
r533	12	9099999	+	12	9100000	-	aid=r533;cn={'2': {'AA': 0, 'AB': 0, 'BA': 0, 'BB': 1}};at=R
r534	12	9112944	+	12	9112945	-	aid=r534;cn={'2': {'AA': 0, 'AB': 0, 'BA': 0, 'BB': 1}};at=R
r535	12	9999999	+	12	10000000	-	aid=r535;cn={'2': {'AA': 1, 'AB': 0, 'BA': 0, 'BB': 1}};at=R
r536	12	10017571	+	12	10017572	-	aid=r536;cn={'2': {'AA': 0, 'AB': 0, 'BA': 0, 'BB': 1}};at=R
r537	12	16399999	+	12	16400000	-	aid=r537;cn={'2': {'AA': 0, 'AB': 0, 'BA': 0, 'BB': 1}};at=R
r538	12	16417514	+	12	16417515	-	aid=r538;cn={'2': {'AA': 0, 'AB': 0, 'BA': 0, 'BB': 1}};at=R
r539	12	17199999	+	12	17200000	-	aid=r539;cn={'2': {'AA': 1, 'AB': 0, 'BA': 0, 'BB': 1}};at=R
r540	12	17214980	+	12	17214981	-	aid=r540;cn={'2': {'AA': 0, 'AB': 0, 'BA': 0, 'BB': 1}};at=R
r541	12	18242109	+	12	18242110	-	aid=r541;cn={'2': {'AA': 0, 'AB': 0, 'BA': 0, 'BB': 1}};at=R
r542	12	18249999	+	12	18250000	-	aid=r542;cn={'2': {'AA': 1, 'AB': 0, 'BA': 0, 'BB': 1}};at=R
r543	12	18601698	+	12	18601699	-	aid=r543;cn={'2': {'AA': 1, 'AB': 0, 'BA': 0, 'BB': 0}};at=R
r544	12	18618700	+	12	18618701	-	aid=r544;cn={'2': {'AA': 1, 'AB': 0, 'BA': 0, 'BB': 0}};at=R
r545	12	32847417	+	12	32847418	-	aid=r545;cn={'2': {'AA': 1, 'AB': 0, 'BA': 0, 'BB': 1}};at=R
r546	12	32849999	+	12	32850000	-	aid=r546;cn={'2': {'AA': 1, 'AB': 0, 'BA': 0, 'BB': 1}};at=R
r547	12	32899999	+	12	32900000	-	aid=r547;cn={'2': {'AA': 1, 'AB': 0, 'BA': 0, 'BB': 1}};at=R
r548	12	33199999	+	12	33200000	-	aid=r548;cn={'2': {'AA': 1, 'AB': 0, 'BA': 0, 'BB': 1}};at=R
r549	12	33211056	+	12	33211057	-	aid=r549;cn={'2': {'AA': 1, 'AB': 0, 'BA': 0, 'BB': 0}};at=R
r550	12	33249999	+	12	33250000	-	aid=r550;cn={'2': {'AA': 1, 'AB': 0, 'BA': 0, 'BB': 0}};at=R
r551	12	33352814	+	12	33352815	-	aid=r551;cn={'2': {'AA': 1, 'AB': 0, 'BA': 0, 'BB': 0}};at=R
r552	12	33361300	+	12	33361301	-	aid=r552;cn={'2': {'AA': 1, 'AB': 0, 'BA': 0, 'BB': 0}};at=R
r553	12	39249999	+	12	39250000	-	aid=r553;cn={'2': {'AA': 1, 'AB': 0, 'BA': 0, 'BB': 1}};at=R
r554	12	39299999	+	12	39300000	-	aid=r554;cn={'2': {'AA': 1, 'AB': 0, 'BA': 0, 'BB': 1}};at=R
r555	12	40149999	+	12	40150000	-	aid=r555;cn={'2': {'AA': 1, 'AB': 0, 'BA': 0, 'BB': 1}};at=R
r556	12	40224999	+	12	40225000	-	aid=r556;cn={'2': {'AA': 1, 'AB': 0, 'BA': 0, 'BB': 1}};at=R
r557	12	40822805	+	12	40822806	-	aid=r557;cn={'2': {'AA': 0, 'AB': 0, 'BA': 0, 'BB': 1}};at=R
r558	12	40826028	+	12	40826029	-	aid=r558;cn={'2': {'AA': 0, 'AB': 0, 'BA': 0, 'BB': 1}};at=R
r559	12	43899999	+	12	43900000	-	aid=r559;cn={'2': {'AA': 1, 'AB': 0, 'BA': 0, 'BB': 1}};at=R
r560	12	43949999	+	12	43950000	-	aid=r560;cn={'2': {'AA': 1, 'AB': 0, 'BA': 0, 'BB': 1}};at=R
r561	12	53764938	+	12	53764939	-	aid=r561;cn={'2': {'AA': 1, 'AB': 0, 'BA': 0, 'BB': 0}};at=R
r562	12	53765257	+	12	53765258	-	aid=r562;cn={'2': {'AA': 1, 'AB': 0, 'BA': 0, 'BB': 0}};at=R
r563	12	60699999	+	12	60700000	-	aid=r563;cn={'2': {'AA': 1, 'AB': 0, 'BA': 0, 'BB': 1}};at=R
r564	12	60774999	+	12	60775000	-	aid=r564;cn={'2': {'AA': 1, 'AB': 0, 'BA': 0, 'BB': 1}};at=R
r565	12	63649999	+	12	63650000	-	aid=r565;cn={'2': {'AA': 1, 'AB': 0, 'BA': 0, 'BB': 1}};at=R
r566	12	63673996	+	12	63673997	-	aid=r566;cn={'2': {'AA': 1, 'AB': 0, 'BA': 0, 'BB': 1}};at=R
r567	12	68883279	+	12	68883280	-	aid=r567;cn={'2': {'AA': 1, 'AB': 0, 'BA': 0, 'BB': 1}};at=R
r568	12	68883614	+	12	68883615	-	aid=r568;cn={'2': {'AA': 1, 'AB': 0, 'BA': 0, 'BB': 1}};at=R
r569	12	80449999	+	12	80450000	-	aid=r569;cn={'2': {'AA': 1, 'AB': 0, 'BA': 0, 'BB': 2}};at=R
r570	12	80499999	+	12	80500000	-	aid=r570;cn={'2': {'AA': 1, 'AB': 0, 'BA': 0, 'BB': 2}};at=R
r571	12	81649999	+	12	81650000	-	aid=r571;cn={'2': {'AA': 1, 'AB': 0, 'BA': 0, 'BB': 2}};at=R
r572	12	81699999	+	12	81700000	-	aid=r572;cn={'2': {'AA': 1, 'AB': 0, 'BA': 0, 'BB': 2}};at=R
r573	12	86008991	+	12	86008992	-	aid=r573;cn={'2': {'AA': 1, 'AB': 0, 'BA': 0, 'BB': 1}};at=R
r574	12	86011900	+	12	86011901	-	aid=r574;cn={'2': {'AA': 1, 'AB': 0, 'BA': 0, 'BB': 1}};at=R
r575	12	86335591	+	12	86335592	-	aid=r575;cn={'2': {'AA': 1, 'AB': 0, 'BA': 0, 'BB': 1}};at=R
r576	12	86346362	+	12	86346363	-	aid=r576;cn={'2': {'AA': 1, 'AB': 0, 'BA': 0, 'BB': 1}};at=R
r577	12	86631642	+	12	86631643	-	aid=r577;cn={'2': {'AA': 1, 'AB': 0, 'BA': 0, 'BB': 2}};at=R
r578	12	86633199	+	12	86633200	-	aid=r578;cn={'2': {'AA': 2, 'AB': 0, 'BA': 0, 'BB': 2}};at=R
r579	12	87231955	+	12	87231956	-	aid=r579;cn={'2': {'AA': 1, 'AB': 0, 'BA': 0, 'BB': 2}};at=R
r580	12	87238115	+	12	87238116	-	aid=r580;cn={'2': {'AA': 1, 'AB': 0, 'BA': 0, 'BB': 2}};at=R
r581	12	88349999	+	12	88350000	-	aid=r581;cn={'2': {'AA': 1, 'AB': 0, 'BA': 0, 'BB': 2}};at=R
r582	12	88399999	+	12	88400000	-	aid=r582;cn={'2': {'AA': 1, 'AB': 0, 'BA': 0, 'BB': 2}};at=R
r583	12	93049999	+	12	93050000	-	aid=r583;cn={'2': {'AA': 1, 'AB': 0, 'BA': 0, 'BB': 2}};at=R
r584	12	93099999	+	12	93100000	-	aid=r584;cn={'2': {'AA': 1, 'AB': 0, 'BA': 0, 'BB': 2}};at=R
r585	12	98299999	+	12	98300000	-	aid=r585;cn={'2': {'AA': 1, 'AB': 0, 'BA': 0, 'BB': 2}};at=R
r586	12	98349999	+	12	98350000	-	aid=r586;cn={'2': {'AA': 1, 'AB': 0, 'BA': 0, 'BB': 2}};at=R
r587	12	100292821	+	12	100292822	-	aid=r587;cn={'2': {'AA': 1, 'AB': 0, 'BA': 0, 'BB': 2}};at=R
r588	12	100299999	+	12	100300000	-	aid=r588;cn={'2': {'AA': 1, 'AB': 0, 'BA': 0, 'BB': 3}};at=R
r589	12	100499999	+	12	100500000	-	aid=r589;cn={'2': {'AA': 1, 'AB': 0, 'BA': 0, 'BB': 3}};at=R
r590	12	100549999	+	12	100550000	-	aid=r590;cn={'2': {'AA': 1, 'AB': 0, 'BA': 0, 'BB': 3}};at=R
r591	12	100654388	+	12	100654389	-	aid=r591;cn={'2': {'AA': 1, 'AB': 0, 'BA': 0, 'BB': 2}};at=R
r592	12	100658108	+	12	100658109	-	aid=r592;cn={'2': {'AA': 1, 'AB': 0, 'BA': 0, 'BB': 2}};at=R
r593	12	100699999	+	12	100700000	-	aid=r593;cn={'2': {'AA': 1, 'AB': 0, 'BA': 0, 'BB': 3}};at=R
r594	12	100724261	+	12	100724262	-	aid=r594;cn={'2': {'AA': 1, 'AB': 0, 'BA': 0, 'BB': 2}};at=R
r595	12	107875871	+	12	107875872	-	aid=r595;cn={'2': {'AA': 1, 'AB': 0, 'BA': 0, 'BB': 0}};at=R
r596	12	107877113	+	12	107877114	-	aid=r596;cn={'2': {'AA': 1, 'AB': 0, 'BA': 0, 'BB': 0}};at=R
r597	12	113599999	+	12	113600000	-	aid=r597;cn={'2': {'AA': 1, 'AB': 0, 'BA': 0, 'BB': 2}};at=R
r598	12	113649999	+	12	113650000	-	aid=r598;cn={'2': {'AA': 1, 'AB': 0, 'BA': 0, 'BB': 2}};at=R
r599	12	113699999	+	12	113700000	-	aid=r599;cn={'2': {'AA': 1, 'AB': 0, 'BA': 0, 'BB': 2}};at=R
r600	12	113749999	+	12	113750000	-	aid=r600;cn={'2': {'AA': 1, 'AB': 0, 'BA': 0, 'BB': 2}};at=R
r601	12	114399999	+	12	114400000	-	aid=r601;cn={'2': {'AA': 1, 'AB': 0, 'BA': 0, 'BB': 2}};at=R
r602	12	114574999	+	12	114575000	-	aid=r602;cn={'2': {'AA': 1, 'AB': 0, 'BA': 0, 'BB': 2}};at=R
r603	12	122199999	+	12	122200000	-	aid=r603;cn={'2': {'AA': 1, 'AB': 0, 'BA': 0, 'BB': 2}};at=R
r604	12	122249999	+	12	122250000	-	aid=r604;cn={'2': {'AA': 1, 'AB': 0, 'BA': 0, 'BB': 2}};at=R
r605	12	126020973	+	12	126020974	-	aid=r605;cn={'2': {'AA': 1, 'AB': 0, 'BA': 0, 'BB': 1}};at=R
r606	12	126034060	+	12	126034061	-	aid=r606;cn={'2': {'AA': 1, 'AB': 0, 'BA': 0, 'BB': 1}};at=R
r607	12	129581631	+	12	129581632	-	aid=r607;cn={'2': {'AA': 1, 'AB': 0, 'BA': 0, 'BB': 0}};at=R
r608	12	129584695	+	12	129584696	-	aid=r608;cn={'2': {'AA': 1, 'AB': 0, 'BA': 0, 'BB': 0}};at=R
r609	12	129638409	+	12	129638410	-	aid=r609;cn={'2': {'AA': 1, 'AB': 0, 'BA': 0, 'BB': 0}};at=R
r610	12	129649999	+	12	129650000	-	aid=r610;cn={'2': {'AA': 1, 'AB': 0, 'BA': 0, 'BB': 0}};at=R
r611	12	131299999	+	12	131300000	-	aid=r611;cn={'2': {'AA': 1, 'AB': 0, 'BA': 0, 'BB': 0}};at=R
r612	12	131321828	+	12	131321829	-	aid=r612;cn={'2': {'AA': 1, 'AB': 0, 'BA': 0, 'BB': 0}};at=R
r613	12	131349999	+	12	131350000	-	aid=r613;cn={'2': {'AA': 1, 'AB': 0, 'BA': 0, 'BB': 1}};at=R
r614	13	19149999	+	13	19150000	-	aid=r614;cn={'2': {'AA': 2, 'AB': 0, 'BA': 0, 'BB': 1}};at=R
r615	13	19199999	+	13	19200000	-	aid=r615;cn={'2': {'AA': 2, 'AB': 0, 'BA': 0, 'BB': 1}};at=R
r616	13	19299999	+	13	19300000	-	aid=r616;cn={'2': {'AA': 2, 'AB': 0, 'BA': 0, 'BB': 1}};at=R
r617	13	19349999	+	13	19350000	-	aid=r617;cn={'2': {'AA': 2, 'AB': 0, 'BA': 0, 'BB': 1}};at=R
r618	13	40649999	+	13	40650000	-	aid=r618;cn={'2': {'AA': 2, 'AB': 0, 'BA': 0, 'BB': 1}};at=R
r619	13	40656450	+	13	40656451	-	aid=r619;cn={'2': {'AA': 0, 'AB': 0, 'BA': 0, 'BB': 1}};at=R
r620	13	61461054	+	13	61461055	-	aid=r620;cn={'2': {'AA': 0, 'AB': 0, 'BA': 0, 'BB': 1}};at=R
r621	13	61461409	+	13	61461410	-	aid=r621;cn={'2': {'AA': 0, 'AB': 0, 'BA': 0, 'BB': 1}};at=R
r622	13	77099999	+	13	77100000	-	aid=r622;cn={'2': {'AA': 0, 'AB': 0, 'BA': 0, 'BB': 1}};at=R
r623	13	77100675	+	13	77100676	-	aid=r623;cn={'2': {'AA': 0, 'AB': 0, 'BA': 0, 'BB': 1}};at=R
r624	13	79592729	+	13	79592730	-	aid=r624;cn={'2': {'AA': 2, 'AB': 0, 'BA': 0, 'BB': 0}};at=R
r625	13	79599999	+	13	79600000	-	aid=r625;cn={'2': {'AA': 2, 'AB': 0, 'BA': 0, 'BB': 0}};at=R
r626	13	81097574	+	13	81097575	-	aid=r626;cn={'2': {'AA': 1, 'AB': 0, 'BA': 0, 'BB': 0}};at=R
r627	13	81097747	+	13	81097748	-	aid=r627;cn={'2': {'AA': 1, 'AB': 0, 'BA': 0, 'BB': 0}};at=R
r628	13	82499999	+	13	82500000	-	aid=r628;cn={'2': {'AA': 2, 'AB': 0, 'BA': 0, 'BB': 0}};at=R
r629	13	82549999	+	13	82550000	-	aid=r629;cn={'2': {'AA': 2, 'AB': 0, 'BA': 0, 'BB': 0}};at=R
r630	13	82849999	+	13	82850000	-	aid=r630;cn={'2': {'AA': 2, 'AB': 0, 'BA': 0, 'BB': 0}};at=R
r631	13	82891570	+	13	82891571	-	aid=r631;cn={'2': {'AA': 2, 'AB': 0, 'BA': 0, 'BB': 0}};at=R
r632	13	82899999	+	13	82900000	-	aid=r632;cn={'2': {'AA': 2, 'AB': 0, 'BA': 0, 'BB': 1}};at=R
r633	13	84049999	+	13	84050000	-	aid=r633;cn={'2': {'AA': 2, 'AB': 0, 'BA': 0, 'BB': 1}};at=R
r634	13	84050910	+	13	84050911	-	aid=r634;cn={'2': {'AA': 2, 'AB': 0, 'BA': 0, 'BB': 0}};at=R
r635	13	84064348	+	13	84064349	-	aid=r635;cn={'2': {'AA': 2, 'AB': 0, 'BA': 0, 'BB': 0}};at=R
r636	13	84099999	+	13	84100000	-	aid=r636;cn={'2': {'AA': 2, 'AB': 0, 'BA': 0, 'BB': 1}};at=R
r637	13	84249999	+	13	84250000	-	aid=r637;cn={'2': {'AA': 2, 'AB': 0, 'BA': 0, 'BB': 1}};at=R
r638	13	88306531	+	13	88306532	-	aid=r638;cn={'2': {'AA': 2, 'AB': 0, 'BA': 0, 'BB': 0}};at=R
r639	13	88311070	+	13	88311071	-	aid=r639;cn={'2': {'AA': 2, 'AB': 0, 'BA': 0, 'BB': 0}};at=R
r640	13	94649999	+	13	94650000	-	aid=r640;cn={'2': {'AA': 2, 'AB': 0, 'BA': 0, 'BB': 1}};at=R
r641	13	94652341	+	13	94652342	-	aid=r641;cn={'2': {'AA': 2, 'AB': 0, 'BA': 0, 'BB': 1}};at=R
r642	13	95199999	+	13	95200000	-	aid=r642;cn={'2': {'AA': 3, 'AB': 0, 'BA': 0, 'BB': 1}};at=R
r643	13	95249999	+	13	95250000	-	aid=r643;cn={'2': {'AA': 3, 'AB': 0, 'BA': 0, 'BB': 1}};at=R
r644	13	95599999	+	13	95600000	-	aid=r644;cn={'2': {'AA': 3, 'AB': 0, 'BA': 0, 'BB': 1}};at=R
r645	13	95605824	+	13	95605825	-	aid=r645;cn={'2': {'AA': 2, 'AB': 0, 'BA': 0, 'BB': 1}};at=R
r646	13	103229751	+	13	103229752	-	aid=r646;cn={'2': {'AA': 1, 'AB': 0, 'BA': 0, 'BB': 1}};at=R
r647	13	103229983	+	13	103229984	-	aid=r647;cn={'2': {'AA': 1, 'AB': 0, 'BA': 0, 'BB': 1}};at=R
r648	13	106399999	+	13	106400000	-	aid=r648;cn={'2': {'AA': 2, 'AB': 0, 'BA': 0, 'BB': 1}};at=R
r649	13	106414819	+	13	106414820	-	aid=r649;cn={'2': {'AA': 2, 'AB': 0, 'BA': 0, 'BB': 0}};at=R
r650	13	106449999	+	13	106450000	-	aid=r650;cn={'2': {'AA': 2, 'AB': 0, 'BA': 0, 'BB': 0}};at=R
r651	13	106499999	+	13	106500000	-	aid=r651;cn={'2': {'AA': 2, 'AB': 0, 'BA': 0, 'BB': 0}};at=R
r652	13	106534833	+	13	106534834	-	aid=r652;cn={'2': {'AA': 2, 'AB': 0, 'BA': 0, 'BB': 0}};at=R
r653	13	106549999	+	13	106550000	-	aid=r653;cn={'2': {'AA': 2, 'AB': 0, 'BA': 0, 'BB': 1}};at=R
r654	13	110849999	+	13	110850000	-	aid=r654;cn={'2': {'AA': 2, 'AB': 0, 'BA': 0, 'BB': 1}};at=R
r655	13	110853767	+	13	110853768	-	aid=r655;cn={'2': {'AA': 0, 'AB': 0, 'BA': 0, 'BB': 1}};at=R
r656	13	110915707	+	13	110915708	-	aid=r656;cn={'2': {'AA': 0, 'AB': 0, 'BA': 0, 'BB': 1}};at=R
r657	13	110924999	+	13	110925000	-	aid=r657;cn={'2': {'AA': 2, 'AB': 0, 'BA': 0, 'BB': 1}};at=R
r658	13	111999999	+	13	112000000	-	aid=r658;cn={'2': {'AA': 2, 'AB': 0, 'BA': 0, 'BB': 1}};at=R
r659	13	112049999	+	13	112050000	-	aid=r659;cn={'2': {'AA': 2, 'AB': 0, 'BA': 0, 'BB': 1}};at=R
r660	13	112699999	+	13	112700000	-	aid=r660;cn={'2': {'AA': 2, 'AB': 0, 'BA': 0, 'BB': 1}};at=R
r661	13	112736713	+	13	112736714	-	aid=r661;cn={'2': {'AA': 0, 'AB': 0, 'BA': 0, 'BB': 1}};at=R
r662	13	112749999	+	13	112750000	-	aid=r662;cn={'2': {'AA': 0, 'AB': 0, 'BA': 0, 'BB': 1}};at=R
r663	13	112789544	+	13	112789545	-	aid=r663;cn={'2': {'AA': 0, 'AB': 0, 'BA': 0, 'BB': 1}};at=R
r664	13	112799999	+	13	112800000	-	aid=r664;cn={'2': {'AA': 2, 'AB': 0, 'BA': 0, 'BB': 1}};at=R
r665	13	112999999	+	13	113000000	-	aid=r665;cn={'2': {'AA': 2, 'AB': 0, 'BA': 0, 'BB': 1}};at=R
r666	13	113049999	+	13	113050000	-	aid=r666;cn={'2': {'AA': 2, 'AB': 0, 'BA': 0, 'BB': 1}};at=R
r667	13	113549999	+	13	113550000	-	aid=r667;cn={'2': {'AA': 2, 'AB': 0, 'BA': 0, 'BB': 1}};at=R
r668	13	113562722	+	13	113562723	-	aid=r668;cn={'2': {'AA': 0, 'AB': 0, 'BA': 0, 'BB': 1}};at=R
r669	13	113797640	+	13	113797641	-	aid=r669;cn={'2': {'AA': 0, 'AB': 0, 'BA': 0, 'BB': 1}};at=R
r670	13	113799999	+	13	113800000	-	aid=r670;cn={'2': {'AA': 1, 'AB': 0, 'BA': 0, 'BB': 1}};at=R
r671	14	19199999	+	14	19200000	-	aid=r671;cn={'2': {'AA': 1, 'AB': 0, 'BA': 0, 'BB': 1}};at=R
r672	14	19299999	+	14	19300000	-	aid=r672;cn={'2': {'AA': 1, 'AB': 0, 'BA': 0, 'BB': 1}};at=R
r673	14	19949999	+	14	19950000	-	aid=r673;cn={'2': {'AA': 1, 'AB': 0, 'BA': 0, 'BB': 1}};at=R
r674	14	19999999	+	14	20000000	-	aid=r674;cn={'2': {'AA': 1, 'AB': 0, 'BA': 0, 'BB': 1}};at=R
r675	14	30074999	+	14	30075000	-	aid=r675;cn={'2': {'AA': 1, 'AB': 0, 'BA': 0, 'BB': 1}};at=R
r676	14	30149999	+	14	30150000	-	aid=r676;cn={'2': {'AA': 1, 'AB': 0, 'BA': 0, 'BB': 1}};at=R
r677	14	38099999	+	14	38100000	-	aid=r677;cn={'2': {'AA': 1, 'AB': 0, 'BA': 0, 'BB': 1}};at=R
r678	14	38104119	+	14	38104120	-	aid=r678;cn={'2': {'AA': 1, 'AB': 0, 'BA': 0, 'BB': 0}};at=R
r679	14	38289088	+	14	38289089	-	aid=r679;cn={'2': {'AA': 1, 'AB': 0, 'BA': 0, 'BB': 0}};at=R
r680	14	38299999	+	14	38300000	-	aid=r680;cn={'2': {'AA': 1, 'AB': 0, 'BA': 0, 'BB': 1}};at=R
r681	14	45399999	+	14	45400000	-	aid=r681;cn={'2': {'AA': 1, 'AB': 0, 'BA': 0, 'BB': 1}};at=R
r682	14	45449999	+	14	45450000	-	aid=r682;cn={'2': {'AA': 1, 'AB': 0, 'BA': 0, 'BB': 1}};at=R
r683	14	48112396	+	14	48112397	-	aid=r683;cn={'2': {'AA': 0, 'AB': 0, 'BA': 0, 'BB': 1}};at=R
r684	14	48114708	+	14	48114709	-	aid=r684;cn={'2': {'AA': 0, 'AB': 0, 'BA': 0, 'BB': 1}};at=R
r685	14	83890250	+	14	83890251	-	aid=r685;cn={'2': {'AA': 0, 'AB': 0, 'BA': 0, 'BB': 1}};at=R
r686	14	83891937	+	14	83891938	-	aid=r686;cn={'2': {'AA': 0, 'AB': 0, 'BA': 0, 'BB': 1}};at=R
r687	14	84032471	+	14	84032472	-	aid=r687;cn={'2': {'AA': 1, 'AB': 0, 'BA': 0, 'BB': 0}};at=R
r688	14	84059112	+	14	84059113	-	aid=r688;cn={'2': {'AA': 1, 'AB': 0, 'BA': 0, 'BB': 0}};at=R
r689	14	84905373	+	14	84905374	-	aid=r689;cn={'2': {'AA': 0, 'AB': 0, 'BA': 0, 'BB': 1}};at=R
r690	14	84905619	+	14	84905620	-	aid=r690;cn={'2': {'AA': 0, 'AB': 0, 'BA': 0, 'BB': 1}};at=R
r691	14	85895146	+	14	85895147	-	aid=r691;cn={'2': {'AA': 0, 'AB': 0, 'BA': 0, 'BB': 1}};at=R
r692	14	85911436	+	14	85911437	-	aid=r692;cn={'2': {'AA': 0, 'AB': 0, 'BA': 0, 'BB': 1}};at=R
r693	14	98299999	+	14	98300000	-	aid=r693;cn={'2': {'AA': 1, 'AB': 0, 'BA': 0, 'BB': 1}};at=R
r694	14	98349999	+	14	98350000	-	aid=r694;cn={'2': {'AA': 1, 'AB': 0, 'BA': 0, 'BB': 1}};at=R
r695	14	100999999	+	14	101000000	-	aid=r695;cn={'2': {'AA': 1, 'AB': 0, 'BA': 0, 'BB': 1}};at=R
r696	14	101049999	+	14	101050000	-	aid=r696;cn={'2': {'AA': 1, 'AB': 0, 'BA': 0, 'BB': 1}};at=R
r697	14	101299999	+	14	101300000	-	aid=r697;cn={'2': {'AA': 1, 'AB': 0, 'BA': 0, 'BB': 1}};at=R
r698	14	101349999	+	14	101350000	-	aid=r698;cn={'2': {'AA': 1, 'AB': 0, 'BA': 0, 'BB': 1}};at=R
r699	14	101949999	+	14	101950000	-	aid=r699;cn={'2': {'AA': 1, 'AB': 0, 'BA': 0, 'BB': 1}};at=R
r700	14	102049999	+	14	102050000	-	aid=r700;cn={'2': {'AA': 1, 'AB': 0, 'BA': 0, 'BB': 1}};at=R
r701	14	104549999	+	14	104550000	-	aid=r701;cn={'2': {'AA': 1, 'AB': 0, 'BA': 0, 'BB': 1}};at=R
r702	14	104699999	+	14	104700000	-	aid=r702;cn={'2': {'AA': 1, 'AB': 0, 'BA': 0, 'BB': 1}};at=R
r703	14	104749999	+	14	104750000	-	aid=r703;cn={'2': {'AA': 1, 'AB': 0, 'BA': 0, 'BB': 1}};at=R
r704	14	104849999	+	14	104850000	-	aid=r704;cn={'2': {'AA': 1, 'AB': 0, 'BA': 0, 'BB': 1}};at=R
r705	14	104899999	+	14	104900000	-	aid=r705;cn={'2': {'AA': 1, 'AB': 0, 'BA': 0, 'BB': 1}};at=R
r706	14	104949999	+	14	104950000	-	aid=r706;cn={'2': {'AA': 1, 'AB': 0, 'BA': 0, 'BB': 1}};at=R
r707	14	105149999	+	14	105150000	-	aid=r707;cn={'2': {'AA': 1, 'AB': 0, 'BA': 0, 'BB': 1}};at=R
r708	14	105199999	+	14	105200000	-	aid=r708;cn={'2': {'AA': 1, 'AB': 0, 'BA': 0, 'BB': 1}};at=R
r709	14	105349999	+	14	105350000	-	aid=r709;cn={'2': {'AA': 1, 'AB': 0, 'BA': 0, 'BB': 1}};at=R
r710	14	105399999	+	14	105400000	-	aid=r710;cn={'2': {'AA': 1, 'AB': 0, 'BA': 0, 'BB': 1}};at=R
r711	14	105599999	+	14	105600000	-	aid=r711;cn={'2': {'AA': 1, 'AB': 0, 'BA': 0, 'BB': 1}};at=R
r712	14	105649999	+	14	105650000	-	aid=r712;cn={'2': {'AA': 1, 'AB': 0, 'BA': 0, 'BB': 1}};at=R
r713	14	105899999	+	14	105900000	-	aid=r713;cn={'2': {'AA': 1, 'AB': 0, 'BA': 0, 'BB': 1}};at=R
r714	14	106249999	+	14	106250000	-	aid=r714;cn={'2': {'AA': 1, 'AB': 0, 'BA': 0, 'BB': 1}};at=R
r715	14	106299999	+	14	106300000	-	aid=r715;cn={'2': {'AA': 1, 'AB': 0, 'BA': 0, 'BB': 1}};at=R
r716	14	106399999	+	14	106400000	-	aid=r716;cn={'2': {'AA': 1, 'AB': 0, 'BA': 0, 'BB': 1}};at=R
r717	15	20199999	+	15	20200000	-	aid=r717;cn={'2': {'AA': 1, 'AB': 0, 'BA': 0, 'BB': 1}};at=R
r718	15	20399999	+	15	20400000	-	aid=r718;cn={'2': {'AA': 1, 'AB': 0, 'BA': 0, 'BB': 1}};at=R
r719	15	20499999	+	15	20500000	-	aid=r719;cn={'2': {'AA': 1, 'AB': 0, 'BA': 0, 'BB': 1}};at=R
r720	15	20549999	+	15	20550000	-	aid=r720;cn={'2': {'AA': 1, 'AB': 0, 'BA': 0, 'BB': 1}};at=R
r721	15	20649999	+	15	20650000	-	aid=r721;cn={'2': {'AA': 1, 'AB': 0, 'BA': 0, 'BB': 1}};at=R
r722	15	20849999	+	15	20850000	-	aid=r722;cn={'2': {'AA': 1, 'AB': 0, 'BA': 0, 'BB': 1}};at=R
r723	15	20899999	+	15	20900000	-	aid=r723;cn={'2': {'AA': 1, 'AB': 0, 'BA': 0, 'BB': 1}};at=R
r724	15	21899999	+	15	21900000	-	aid=r724;cn={'2': {'AA': 1, 'AB': 0, 'BA': 0, 'BB': 1}};at=R
r725	15	21949999	+	15	21950000	-	aid=r725;cn={'2': {'AA': 1, 'AB': 0, 'BA': 0, 'BB': 1}};at=R
r726	15	22224999	+	15	22225000	-	aid=r726;cn={'2': {'AA': 1, 'AB': 0, 'BA': 0, 'BB': 1}};at=R
r727	15	22699999	+	15	22700000	-	aid=r727;cn={'2': {'AA': 1, 'AB': 0, 'BA': 0, 'BB': 1}};at=R
r728	15	22749999	+	15	22750000	-	aid=r728;cn={'2': {'AA': 1, 'AB': 0, 'BA': 0, 'BB': 1}};at=R
r729	15	23499999	+	15	23500000	-	aid=r729;cn={'2': {'AA': 1, 'AB': 0, 'BA': 0, 'BB': 1}};at=R
r730	15	23599999	+	15	23600000	-	aid=r730;cn={'2': {'AA': 1, 'AB': 0, 'BA': 0, 'BB': 1}};at=R
r731	15	24599999	+	15	24600000	-	aid=r731;cn={'2': {'AA': 1, 'AB': 0, 'BA': 0, 'BB': 1}};at=R
r732	15	24799999	+	15	24800000	-	aid=r732;cn={'2': {'AA': 1, 'AB': 0, 'BA': 0, 'BB': 1}};at=R
r733	15	28599999	+	15	28600000	-	aid=r733;cn={'2': {'AA': 1, 'AB': 0, 'BA': 0, 'BB': 1}};at=R
r734	15	28999999	+	15	29000000	-	aid=r734;cn={'2': {'AA': 1, 'AB': 0, 'BA': 0, 'BB': 1}};at=R
r735	15	30399999	+	15	30400000	-	aid=r735;cn={'2': {'AA': 1, 'AB': 0, 'BA': 0, 'BB': 1}};at=R
r736	15	30699999	+	15	30700000	-	aid=r736;cn={'2': {'AA': 1, 'AB': 0, 'BA': 0, 'BB': 1}};at=R
r737	15	30749999	+	15	30750000	-	aid=r737;cn={'2': {'AA': 1, 'AB': 0, 'BA': 0, 'BB': 1}};at=R
r738	15	30799999	+	15	30800000	-	aid=r738;cn={'2': {'AA': 1, 'AB': 0, 'BA': 0, 'BB': 1}};at=R
r739	15	31049999	+	15	31050000	-	aid=r739;cn={'2': {'AA': 1, 'AB': 0, 'BA': 0, 'BB': 1}};at=R
r740	15	31099999	+	15	31100000	-	aid=r740;cn={'2': {'AA': 1, 'AB': 0, 'BA': 0, 'BB': 1}};at=R
r741	15	31949999	+	15	31950000	-	aid=r741;cn={'2': {'AA': 1, 'AB': 0, 'BA': 0, 'BB': 1}};at=R
r742	15	31999999	+	15	32000000	-	aid=r742;cn={'2': {'AA': 1, 'AB': 0, 'BA': 0, 'BB': 1}};at=R
r743	15	32449999	+	15	32450000	-	aid=r743;cn={'2': {'AA': 1, 'AB': 0, 'BA': 0, 'BB': 1}};at=R
r744	15	32499999	+	15	32500000	-	aid=r744;cn={'2': {'AA': 1, 'AB': 0, 'BA': 0, 'BB': 1}};at=R
r745	15	32549999	+	15	32550000	-	aid=r745;cn={'2': {'AA': 1, 'AB': 0, 'BA': 0, 'BB': 1}};at=R
r746	15	32899999	+	15	32900000	-	aid=r746;cn={'2': {'AA': 1, 'AB': 0, 'BA': 0, 'BB': 1}};at=R
r747	15	34699999	+	15	34700000	-	aid=r747;cn={'2': {'AA': 1, 'AB': 0, 'BA': 0, 'BB': 1}};at=R
r748	15	34749999	+	15	34750000	-	aid=r748;cn={'2': {'AA': 1, 'AB': 0, 'BA': 0, 'BB': 1}};at=R
r749	15	37692550	+	15	37692551	-	aid=r749;cn={'2': {'AA': 1, 'AB': 0, 'BA': 0, 'BB': 1}};at=R
r750	15	39049999	+	15	39050000	-	aid=r750;cn={'2': {'AA': 1, 'AB': 0, 'BA': 0, 'BB': 1}};at=R
r751	15	39099999	+	15	39100000	-	aid=r751;cn={'2': {'AA': 1, 'AB': 0, 'BA': 0, 'BB': 1}};at=R
r752	15	43849999	+	15	43850000	-	aid=r752;cn={'2': {'AA': 1, 'AB': 0, 'BA': 0, 'BB': 1}};at=R
r753	15	43899999	+	15	43900000	-	aid=r753;cn={'2': {'AA': 1, 'AB': 0, 'BA': 0, 'BB': 1}};at=R
r754	15	45099999	+	15	45100000	-	aid=r754;cn={'2': {'AA': 1, 'AB': 0, 'BA': 0, 'BB': 1}};at=R
r755	15	45149999	+	15	45150000	-	aid=r755;cn={'2': {'AA': 1, 'AB': 0, 'BA': 0, 'BB': 1}};at=R
r756	15	75999999	+	15	76000000	-	aid=r756;cn={'2': {'AA': 1, 'AB': 0, 'BA': 0, 'BB': 1}};at=R
r757	15	76099999	+	15	76100000	-	aid=r757;cn={'2': {'AA': 1, 'AB': 0, 'BA': 0, 'BB': 1}};at=R
r758	15	82824999	+	15	82825000	-	aid=r758;cn={'2': {'AA': 1, 'AB': 0, 'BA': 0, 'BB': 1}};at=R
r759	15	82999999	+	15	83000000	-	aid=r759;cn={'2': {'AA': 1, 'AB': 0, 'BA': 0, 'BB': 1}};at=R
r760	15	83099999	+	15	83100000	-	aid=r760;cn={'2': {'AA': 1, 'AB': 0, 'BA': 0, 'BB': 1}};at=R
r761	15	85140952	+	15	85140953	-	aid=r761;cn={'2': {'AA': 1, 'AB': 0, 'BA': 0, 'BB': 1}};at=R
r762	15	85141300	+	15	85141301	-	aid=r762;cn={'2': {'AA': 1, 'AB': 0, 'BA': 0, 'BB': 1}};at=R
r763	15	94069329	+	15	94069330	-	aid=r763;cn={'2': {'AA': 1, 'AB': 0, 'BA': 0, 'BB': 1}};at=R
r764	15	94071934	+	15	94071935	-	aid=r764;cn={'2': {'AA': 1, 'AB': 0, 'BA': 0, 'BB': 1}};at=R
r765	15	94094058	+	15	94094059	-	aid=r765;cn={'2': {'AA': 0, 'AB': 0, 'BA': 0, 'BB': 1}};at=R
r766	15	94115496	+	15	94115497	-	aid=r766;cn={'2': {'AA': 0, 'AB': 0, 'BA': 0, 'BB': 1}};at=R
r767	15	95499999	+	15	95500000	-	aid=r767;cn={'2': {'AA': 1, 'AB': 0, 'BA': 0, 'BB': 1}};at=R
r768	15	95509616	+	15	95509617	-	aid=r768;cn={'2': {'AA': 0, 'AB': 0, 'BA': 0, 'BB': 1}};at=R
r769	15	98024999	+	15	98025000	-	aid=r769;cn={'2': {'AA': 0, 'AB': 0, 'BA': 0, 'BB': 1}};at=R
r770	15	98068753	+	15	98068754	-	aid=r770;cn={'2': {'AA': 0, 'AB': 0, 'BA': 0, 'BB': 1}};at=R
r771	15	98749999	+	15	98750000	-	aid=r771;cn={'2': {'AA': 1, 'AB': 0, 'BA': 0, 'BB': 1}};at=R
r772	15	98799999	+	15	98800000	-	aid=r772;cn={'2': {'AA': 1, 'AB': 0, 'BA': 0, 'BB': 1}};at=R
r773	15	102399999	+	15	102400000	-	aid=r773;cn={'2': {'AA': 1, 'AB': 0, 'BA': 0, 'BB': 1}};at=R
r774	15	102499999	+	15	102500000	-	aid=r774;cn={'2': {'AA': 1, 'AB': 0, 'BA': 0, 'BB': 1}};at=R
r775	16	374999	+	16	375000	-	aid=r775;cn={'2': {'AA': 1, 'AB': 0, 'BA': 0, 'BB': 1}};at=R
r776	16	549999	+	16	550000	-	aid=r776;cn={'2': {'AA': 1, 'AB': 0, 'BA': 0, 'BB': 1}};at=R
r777	16	15249999	+	16	15250000	-	aid=r777;cn={'2': {'AA': 1, 'AB': 0, 'BA': 0, 'BB': 1}};at=R
r778	16	15349999	+	16	15350000	-	aid=r778;cn={'2': {'AA': 1, 'AB': 0, 'BA': 0, 'BB': 1}};at=R
r779	16	15399999	+	16	15400000	-	aid=r779;cn={'2': {'AA': 1, 'AB': 0, 'BA': 0, 'BB': 1}};at=R
r780	16	15449999	+	16	15450000	-	aid=r780;cn={'2': {'AA': 1, 'AB': 0, 'BA': 0, 'BB': 1}};at=R
r781	16	16424999	+	16	16425000	-	aid=r781;cn={'2': {'AA': 1, 'AB': 0, 'BA': 0, 'BB': 1}};at=R
r782	16	16499999	+	16	16500000	-	aid=r782;cn={'2': {'AA': 1, 'AB': 0, 'BA': 0, 'BB': 1}};at=R
r783	16	16599999	+	16	16600000	-	aid=r783;cn={'2': {'AA': 1, 'AB': 0, 'BA': 0, 'BB': 1}};at=R
r784	16	16649999	+	16	16650000	-	aid=r784;cn={'2': {'AA': 1, 'AB': 0, 'BA': 0, 'BB': 1}};at=R
r785	16	16849999	+	16	16850000	-	aid=r785;cn={'2': {'AA': 1, 'AB': 0, 'BA': 0, 'BB': 1}};at=R
r786	16	18149999	+	16	18150000	-	aid=r786;cn={'2': {'AA': 1, 'AB': 0, 'BA': 0, 'BB': 1}};at=R
r787	16	18249999	+	16	18250000	-	aid=r787;cn={'2': {'AA': 1, 'AB': 0, 'BA': 0, 'BB': 1}};at=R
r788	16	18299999	+	16	18300000	-	aid=r788;cn={'2': {'AA': 1, 'AB': 0, 'BA': 0, 'BB': 1}};at=R
r789	16	18449999	+	16	18450000	-	aid=r789;cn={'2': {'AA': 1, 'AB': 0, 'BA': 0, 'BB': 1}};at=R
r790	16	18599999	+	16	18600000	-	aid=r790;cn={'2': {'AA': 1, 'AB': 0, 'BA': 0, 'BB': 1}};at=R
r791	16	18749999	+	16	18750000	-	aid=r791;cn={'2': {'AA': 1, 'AB': 0, 'BA': 0, 'BB': 1}};at=R
r792	16	21749999	+	16	21750000	-	aid=r792;cn={'2': {'AA': 1, 'AB': 0, 'BA': 0, 'BB': 1}};at=R
r793	16	21799999	+	16	21800000	-	aid=r793;cn={'2': {'AA': 1, 'AB': 0, 'BA': 0, 'BB': 1}};at=R
r794	16	21849999	+	16	21850000	-	aid=r794;cn={'2': {'AA': 1, 'AB': 0, 'BA': 0, 'BB': 1}};at=R
r795	16	22499999	+	16	22500000	-	aid=r795;cn={'2': {'AA': 1, 'AB': 0, 'BA': 0, 'BB': 1}};at=R
r796	16	22549999	+	16	22550000	-	aid=r796;cn={'2': {'AA': 1, 'AB': 0, 'BA': 0, 'BB': 1}};at=R
r797	16	23899999	+	16	23900000	-	aid=r797;cn={'2': {'AA': 1, 'AB': 0, 'BA': 0, 'BB': 1}};at=R
r798	16	23949999	+	16	23950000	-	aid=r798;cn={'2': {'AA': 1, 'AB': 0, 'BA': 0, 'BB': 1}};at=R
r799	16	28349999	+	16	28350000	-	aid=r799;cn={'2': {'AA': 1, 'AB': 0, 'BA': 0, 'BB': 1}};at=R
r800	16	28424999	+	16	28425000	-	aid=r800;cn={'2': {'AA': 1, 'AB': 0, 'BA': 0, 'BB': 1}};at=R
r801	16	29449999	+	16	29450000	-	aid=r801;cn={'2': {'AA': 1, 'AB': 0, 'BA': 0, 'BB': 1}};at=R
r802	16	29549999	+	16	29550000	-	aid=r802;cn={'2': {'AA': 1, 'AB': 0, 'BA': 0, 'BB': 1}};at=R
r803	16	31949999	+	16	31950000	-	aid=r803;cn={'2': {'AA': 1, 'AB': 0, 'BA': 0, 'BB': 1}};at=R
r804	16	32099999	+	16	32100000	-	aid=r804;cn={'2': {'AA': 1, 'AB': 0, 'BA': 0, 'BB': 1}};at=R
r805	16	32149999	+	16	32150000	-	aid=r805;cn={'2': {'AA': 1, 'AB': 0, 'BA': 0, 'BB': 1}};at=R
r806	16	32249999	+	16	32250000	-	aid=r806;cn={'2': {'AA': 1, 'AB': 0, 'BA': 0, 'BB': 1}};at=R
r807	16	32299999	+	16	32300000	-	aid=r807;cn={'2': {'AA': 1, 'AB': 0, 'BA': 0, 'BB': 1}};at=R
r808	16	32349999	+	16	32350000	-	aid=r808;cn={'2': {'AA': 1, 'AB': 0, 'BA': 0, 'BB': 1}};at=R
r809	16	32599999	+	16	32600000	-	aid=r809;cn={'2': {'AA': 1, 'AB': 0, 'BA': 0, 'BB': 1}};at=R
r810	16	32749999	+	16	32750000	-	aid=r810;cn={'2': {'AA': 1, 'AB': 0, 'BA': 0, 'BB': 1}};at=R
r811	16	32856987	+	16	32856988	-	aid=r811;cn={'2': {'AA': 1, 'AB': 0, 'BA': 0, 'BB': 1}};at=R
r812	16	32899999	+	16	32900000	-	aid=r812;cn={'2': {'AA': 1, 'AB': 0, 'BA': 0, 'BB': 1}};at=R
r813	16	33149999	+	16	33150000	-	aid=r813;cn={'2': {'AA': 1, 'AB': 0, 'BA': 0, 'BB': 1}};at=R
r814	16	33199999	+	16	33200000	-	aid=r814;cn={'2': {'AA': 1, 'AB': 0, 'BA': 0, 'BB': 1}};at=R
r815	16	33274999	+	16	33275000	-	aid=r815;cn={'2': {'AA': 1, 'AB': 0, 'BA': 0, 'BB': 1}};at=R
r816	16	33399999	+	16	33400000	-	aid=r816;cn={'2': {'AA': 1, 'AB': 0, 'BA': 0, 'BB': 1}};at=R
r817	16	33649999	+	16	33650000	-	aid=r817;cn={'2': {'AA': 1, 'AB': 0, 'BA': 0, 'BB': 1}};at=R
r818	16	33699999	+	16	33700000	-	aid=r818;cn={'2': {'AA': 1, 'AB': 0, 'BA': 0, 'BB': 1}};at=R
r819	16	33949999	+	16	33950000	-	aid=r819;cn={'2': {'AA': 1, 'AB': 0, 'BA': 0, 'BB': 1}};at=R
r820	16	33999999	+	16	34000000	-	aid=r820;cn={'2': {'AA': 1, 'AB': 0, 'BA': 0, 'BB': 1}};at=R
r821	16	34649999	+	16	34650000	-	aid=r821;cn={'2': {'AA': 1, 'AB': 0, 'BA': 0, 'BB': 1}};at=R
r822	16	34699999	+	16	34700000	-	aid=r822;cn={'2': {'AA': 1, 'AB': 0, 'BA': 0, 'BB': 1}};at=R
r823	16	54949999	+	16	54950000	-	aid=r823;cn={'2': {'AA': 1, 'AB': 0, 'BA': 0, 'BB': 1}};at=R
r824	16	54999999	+	16	55000000	-	aid=r824;cn={'2': {'AA': 1, 'AB': 0, 'BA': 0, 'BB': 1}};at=R
r825	16	60799999	+	16	60800000	-	aid=r825;cn={'2': {'AA': 1, 'AB': 0, 'BA': 0, 'BB': 1}};at=R
r826	16	60816532	+	16	60816533	-	aid=r826;cn={'2': {'AA': 0, 'AB': 0, 'BA': 0, 'BB': 1}};at=R
r827	16	85707099	+	16	85707100	-	aid=r827;cn={'2': {'AA': 0, 'AB': 0, 'BA': 0, 'BB': 1}};at=R
r828	16	85707207	+	16	85707208	-	aid=r828;cn={'2': {'AA': 0, 'AB': 0, 'BA': 0, 'BB': 1}};at=R
r829	16	85724999	+	16	85725000	-	aid=r829;cn={'2': {'AA': 8, 'AB': 0, 'BA': 0, 'BB': 1}};at=R
r830	16	86099999	+	16	86100000	-	aid=r830;cn={'2': {'AA': 8, 'AB': 0, 'BA': 0, 'BB': 1}};at=R
r831	16	86120472	+	16	86120473	-	aid=r831;cn={'2': {'AA': 1, 'AB': 0, 'BA': 0, 'BB': 1}};at=R
r832	16	86149999	+	16	86150000	-	aid=r832;cn={'2': {'AA': 1, 'AB': 0, 'BA': 0, 'BB': 1}};at=R
r833	16	86199999	+	16	86200000	-	aid=r833;cn={'2': {'AA': 1, 'AB': 0, 'BA': 0, 'BB': 1}};at=R
r834	16	86225514	+	16	86225515	-	aid=r834;cn={'2': {'AA': 1, 'AB': 0, 'BA': 0, 'BB': 1}};at=R
r835	16	86249999	+	16	86250000	-	aid=r835;cn={'2': {'AA': 1, 'AB': 0, 'BA': 0, 'BB': 3}};at=R
r836	16	86276980	+	16	86276981	-	aid=r836;cn={'2': {'AA': 1, 'AB': 0, 'BA': 0, 'BB': 3}};at=R
r837	16	86277337	+	16	86277338	-	aid=r837;cn={'2': {'AA': 1, 'AB': 0, 'BA': 0, 'BB': 3}};at=R
r838	16	86372548	+	16	86372549	-	aid=r838;cn={'2': {'AA': 1, 'AB': 0, 'BA': 0, 'BB': 3}};at=R
r839	16	86373369	+	16	86373370	-	aid=r839;cn={'2': {'AA': 1, 'AB': 0, 'BA': 0, 'BB': 4}};at=R
r840	16	86399999	+	16	86400000	-	aid=r840;cn={'2': {'AA': 1, 'AB': 0, 'BA': 0, 'BB': 5}};at=R
r841	16	86938735	+	16	86938736	-	aid=r841;cn={'2': {'AA': 1, 'AB': 0, 'BA': 0, 'BB': 0}};at=R
r842	16	86949999	+	16	86950000	-	aid=r842;cn={'2': {'AA': 1, 'AB': 0, 'BA': 0, 'BB': 0}};at=R
r843	16	87574999	+	16	87575000	-	aid=r843;cn={'2': {'AA': 1, 'AB': 0, 'BA': 0, 'BB': 0}};at=R
r844	16	87631821	+	16	87631822	-	aid=r844;cn={'2': {'AA': 1, 'AB': 0, 'BA': 0, 'BB': 0}};at=R
r845	16	87649999	+	16	87650000	-	aid=r845;cn={'2': {'AA': 1, 'AB': 0, 'BA': 0, 'BB': 8}};at=R
r846	16	87933585	+	16	87933586	-	aid=r846;cn={'2': {'AA': 1, 'AB': 0, 'BA': 0, 'BB': 0}};at=R
r847	16	87949999	+	16	87950000	-	aid=r847;cn={'2': {'AA': 1, 'AB': 0, 'BA': 0, 'BB': 0}};at=R
r848	16	90199999	+	16	90200000	-	aid=r848;cn={'2': {'AA': 1, 'AB': 0, 'BA': 0, 'BB': 0}};at=R
r849	17	7574216	+	17	7574217	-	aid=r849;cn={'2': {'AA': 1, 'AB': 0, 'BA': 0, 'BB': 0}};at=R
r850	17	7583869	+	17	7583870	-	aid=r850;cn={'2': {'AA': 1, 'AB': 0, 'BA': 0, 'BB': 0}};at=R
r851	17	22149999	+	17	22150000	-	aid=r851;cn={'2': {'AA': 1, 'AB': 0, 'BA': 0, 'BB': 1}};at=R
r852	17	22199999	+	17	22200000	-	aid=r852;cn={'2': {'AA': 1, 'AB': 0, 'BA': 0, 'BB': 1}};at=R
r853	17	23774999	+	17	23775000	-	aid=r853;cn={'2': {'AA': 1, 'AB': 0, 'BA': 0, 'BB': 1}};at=R
r854	17	34599999	+	17	34600000	-	aid=r854;cn={'2': {'AA': 1, 'AB': 0, 'BA': 0, 'BB': 1}};at=R
r855	17	34749999	+	17	34750000	-	aid=r855;cn={'2': {'AA': 1, 'AB': 0, 'BA': 0, 'BB': 1}};at=R
r856	17	39399999	+	17	39400000	-	aid=r856;cn={'2': {'AA': 1, 'AB': 0, 'BA': 0, 'BB': 1}};at=R
r857	17	39449999	+	17	39450000	-	aid=r857;cn={'2': {'AA': 1, 'AB': 0, 'BA': 0, 'BB': 1}};at=R
r858	17	51149999	+	17	51150000	-	aid=r858;cn={'2': {'AA': 1, 'AB': 0, 'BA': 0, 'BB': 1}};at=R
r859	17	51199999	+	17	51200000	-	aid=r859;cn={'2': {'AA': 1, 'AB': 0, 'BA': 0, 'BB': 1}};at=R
r860	17	51399999	+	17	51400000	-	aid=r860;cn={'2': {'AA': 1, 'AB': 0, 'BA': 0, 'BB': 1}};at=R
r861	17	51449999	+	17	51450000	-	aid=r861;cn={'2': {'AA': 1, 'AB': 0, 'BA': 0, 'BB': 1}};at=R
r862	17	54199999	+	17	54200000	-	aid=r862;cn={'2': {'AA': 1, 'AB': 0, 'BA': 0, 'BB': 1}};at=R
r863	17	54249999	+	17	54250000	-	aid=r863;cn={'2': {'AA': 1, 'AB': 0, 'BA': 0, 'BB': 1}};at=R
r864	17	59449999	+	17	59450000	-	aid=r864;cn={'2': {'AA': 1, 'AB': 0, 'BA': 0, 'BB': 1}};at=R
r865	17	59549999	+	17	59550000	-	aid=r865;cn={'2': {'AA': 1, 'AB': 0, 'BA': 0, 'BB': 1}};at=R
r866	17	59799999	+	17	59800000	-	aid=r866;cn={'2': {'AA': 1, 'AB': 0, 'BA': 0, 'BB': 1}};at=R
r867	17	59849999	+	17	59850000	-	aid=r867;cn={'2': {'AA': 1, 'AB': 0, 'BA': 0, 'BB': 1}};at=R
r868	17	62965599	+	17	62965600	-	aid=r868;cn={'2': {'AA': 1, 'AB': 0, 'BA': 0, 'BB': 1}};at=R
r869	17	80899999	+	17	80900000	-	aid=r869;cn={'2': {'AA': 1, 'AB': 0, 'BA': 0, 'BB': 1}};at=R
r870	17	80949999	+	17	80950000	-	aid=r870;cn={'2': {'AA': 1, 'AB': 0, 'BA': 0, 'BB': 1}};at=R
r871	17	81149999	+	17	81150000	-	aid=r871;cn={'2': {'AA': 1, 'AB': 0, 'BA': 0, 'BB': 1}};at=R
r872	18	49999	+	18	50000	-	aid=r872;cn={'2': {'AA': 1, 'AB': 0, 'BA': 0, 'BB': 1}};at=R
r873	18	6249999	+	18	6250000	-	aid=r873;cn={'2': {'AA': 1, 'AB': 0, 'BA': 0, 'BB': 1}};at=R
r874	18	6299999	+	18	6300000	-	aid=r874;cn={'2': {'AA': 1, 'AB': 0, 'BA': 0, 'BB': 1}};at=R
r875	18	10599999	+	18	10600000	-	aid=r875;cn={'2': {'AA': 1, 'AB': 0, 'BA': 0, 'BB': 1}};at=R
r876	18	10649999	+	18	10650000	-	aid=r876;cn={'2': {'AA': 1, 'AB': 0, 'BA': 0, 'BB': 1}};at=R
r877	18	11599999	+	18	11600000	-	aid=r877;cn={'2': {'AA': 1, 'AB': 0, 'BA': 0, 'BB': 1}};at=R
r878	18	11649999	+	18	11650000	-	aid=r878;cn={'2': {'AA': 1, 'AB': 0, 'BA': 0, 'BB': 1}};at=R
r879	18	14149999	+	18	14150000	-	aid=r879;cn={'2': {'AA': 1, 'AB': 0, 'BA': 0, 'BB': 1}};at=R
r880	18	14199999	+	18	14200000	-	aid=r880;cn={'2': {'AA': 1, 'AB': 0, 'BA': 0, 'BB': 1}};at=R
r881	18	14349999	+	18	14350000	-	aid=r881;cn={'2': {'AA': 1, 'AB': 0, 'BA': 0, 'BB': 1}};at=R
r882	18	14399999	+	18	14400000	-	aid=r882;cn={'2': {'AA': 1, 'AB': 0, 'BA': 0, 'BB': 1}};at=R
r883	18	14849999	+	18	14850000	-	aid=r883;cn={'2': {'AA': 1, 'AB': 0, 'BA': 0, 'BB': 1}};at=R
r884	18	14899999	+	18	14900000	-	aid=r884;cn={'2': {'AA': 1, 'AB': 0, 'BA': 0, 'BB': 1}};at=R
r885	18	15202999	+	18	15203000	-	aid=r885;cn={'2': {'AA': 1, 'AB': 0, 'BA': 0, 'BB': 1}};at=R
r886	18	15249999	+	18	15250000	-	aid=r886;cn={'2': {'AA': 1, 'AB': 0, 'BA': 0, 'BB': 1}};at=R
r887	18	15299999	+	18	15300000	-	aid=r887;cn={'2': {'AA': 1, 'AB': 0, 'BA': 0, 'BB': 1}};at=R
r888	18	15399999	+	18	15400000	-	aid=r888;cn={'2': {'AA': 1, 'AB': 0, 'BA': 0, 'BB': 1}};at=R
r889	18	16974999	+	18	16975000	-	aid=r889;cn={'2': {'AA': 1, 'AB': 0, 'BA': 0, 'BB': 1}};at=R
r890	18	26149999	+	18	26150000	-	aid=r890;cn={'2': {'AA': 1, 'AB': 0, 'BA': 0, 'BB': 1}};at=R
r891	18	26199999	+	18	26200000	-	aid=r891;cn={'2': {'AA': 1, 'AB': 0, 'BA': 0, 'BB': 1}};at=R
r892	18	26299999	+	18	26300000	-	aid=r892;cn={'2': {'AA': 1, 'AB': 0, 'BA': 0, 'BB': 1}};at=R
r893	18	26349999	+	18	26350000	-	aid=r893;cn={'2': {'AA': 1, 'AB': 0, 'BA': 0, 'BB': 1}};at=R
r894	18	39249999	+	18	39250000	-	aid=r894;cn={'2': {'AA': 1, 'AB': 0, 'BA': 0, 'BB': 1}};at=R
r895	18	39299999	+	18	39300000	-	aid=r895;cn={'2': {'AA': 1, 'AB': 0, 'BA': 0, 'BB': 1}};at=R
r896	18	45174999	+	18	45175000	-	aid=r896;cn={'2': {'AA': 1, 'AB': 0, 'BA': 0, 'BB': 1}};at=R
r897	18	45274999	+	18	45275000	-	aid=r897;cn={'2': {'AA': 1, 'AB': 0, 'BA': 0, 'BB': 1}};at=R
r898	18	46549999	+	18	46550000	-	aid=r898;cn={'2': {'AA': 1, 'AB': 0, 'BA': 0, 'BB': 1}};at=R
r899	18	46599999	+	18	46600000	-	aid=r899;cn={'2': {'AA': 1, 'AB': 0, 'BA': 0, 'BB': 1}};at=R
r900	18	61649999	+	18	61650000	-	aid=r900;cn={'2': {'AA': 1, 'AB': 0, 'BA': 0, 'BB': 1}};at=R
r901	18	61699999	+	18	61700000	-	aid=r901;cn={'2': {'AA': 1, 'AB': 0, 'BA': 0, 'BB': 1}};at=R
r902	18	68849999	+	18	68850000	-	aid=r902;cn={'2': {'AA': 1, 'AB': 0, 'BA': 0, 'BB': 1}};at=R
r903	18	68899999	+	18	68900000	-	aid=r903;cn={'2': {'AA': 1, 'AB': 0, 'BA': 0, 'BB': 1}};at=R
r904	18	70349999	+	18	70350000	-	aid=r904;cn={'2': {'AA': 1, 'AB': 0, 'BA': 0, 'BB': 1}};at=R
r905	18	70424999	+	18	70425000	-	aid=r905;cn={'2': {'AA': 1, 'AB': 0, 'BA': 0, 'BB': 1}};at=R
r906	18	73399999	+	18	73400000	-	aid=r906;cn={'2': {'AA': 1, 'AB': 0, 'BA': 0, 'BB': 1}};at=R
r907	18	73449999	+	18	73450000	-	aid=r907;cn={'2': {'AA': 1, 'AB': 0, 'BA': 0, 'BB': 1}};at=R
r908	18	76749999	+	18	76750000	-	aid=r908;cn={'2': {'AA': 1, 'AB': 0, 'BA': 0, 'BB': 1}};at=R
r909	18	76799999	+	18	76800000	-	aid=r909;cn={'2': {'AA': 1, 'AB': 0, 'BA': 0, 'BB': 1}};at=R
r910	19	174999	+	19	175000	-	aid=r910;cn={'2': {'AA': 1, 'AB': 0, 'BA': 0, 'BB': 1}};at=R
r911	19	249999	+	19	250000	-	aid=r911;cn={'2': {'AA': 1, 'AB': 0, 'BA': 0, 'BB': 1}};at=R
r912	19	299999	+	19	300000	-	aid=r912;cn={'2': {'AA': 1, 'AB': 0, 'BA': 0, 'BB': 1}};at=R
r913	19	7299999	+	19	7300000	-	aid=r913;cn={'2': {'AA': 1, 'AB': 0, 'BA': 0, 'BB': 1}};at=R
r914	19	7374999	+	19	7375000	-	aid=r914;cn={'2': {'AA': 1, 'AB': 0, 'BA': 0, 'BB': 1}};at=R
r915	19	30399999	+	19	30400000	-	aid=r915;cn={'2': {'AA': 1, 'AB': 0, 'BA': 0, 'BB': 1}};at=R
r916	19	30449999	+	19	30450000	-	aid=r916;cn={'2': {'AA': 1, 'AB': 0, 'BA': 0, 'BB': 1}};at=R
r917	19	34699999	+	19	34700000	-	aid=r917;cn={'2': {'AA': 1, 'AB': 0, 'BA': 0, 'BB': 1}};at=R
r918	19	34774999	+	19	34775000	-	aid=r918;cn={'2': {'AA': 1, 'AB': 0, 'BA': 0, 'BB': 1}};at=R
r919	19	36799999	+	19	36800000	-	aid=r919;cn={'2': {'AA': 1, 'AB': 0, 'BA': 0, 'BB': 1}};at=R
r920	19	36849999	+	19	36850000	-	aid=r920;cn={'2': {'AA': 1, 'AB': 0, 'BA': 0, 'BB': 1}};at=R
r921	19	53499999	+	19	53500000	-	aid=r921;cn={'2': {'AA': 1, 'AB': 0, 'BA': 0, 'BB': 1}};at=R
r922	19	53549999	+	19	53550000	-	aid=r922;cn={'2': {'AA': 1, 'AB': 0, 'BA': 0, 'BB': 1}};at=R
r923	19	55249999	+	19	55250000	-	aid=r923;cn={'2': {'AA': 1, 'AB': 0, 'BA': 0, 'BB': 1}};at=R
r924	19	55299999	+	19	55300000	-	aid=r924;cn={'2': {'AA': 1, 'AB': 0, 'BA': 0, 'BB': 1}};at=R
r925	19	59099999	+	19	59100000	-	aid=r925;cn={'2': {'AA': 1, 'AB': 0, 'BA': 0, 'BB': 1}};at=R
r926	2	149999	+	2	150000	-	aid=r926;cn={'2': {'AA': 1, 'AB': 0, 'BA': 0, 'BB': 2}};at=R
r927	2	194441	+	2	194442	-	aid=r927;cn={'2': {'AA': 1, 'AB': 0, 'BA': 0, 'BB': 2}};at=R
r928	2	194560	+	2	194561	-	aid=r928;cn={'2': {'AA': 1, 'AB': 0, 'BA': 0, 'BB': 3}};at=R
r929	2	197286	+	2	197287	-	aid=r929;cn={'2': {'AA': 1, 'AB': 0, 'BA': 0, 'BB': 1}};at=R
r930	2	247099	+	2	247100	-	aid=r930;cn={'2': {'AA': 1, 'AB': 0, 'BA': 0, 'BB': 1}};at=R
r931	2	1499999	+	2	1500000	-	aid=r931;cn={'2': {'AA': 1, 'AB': 0, 'BA': 0, 'BB': 2}};at=R
r932	2	1549999	+	2	1550000	-	aid=r932;cn={'2': {'AA': 1, 'AB': 0, 'BA': 0, 'BB': 2}};at=R
r933	2	2099999	+	2	2100000	-	aid=r933;cn={'2': {'AA': 1, 'AB': 0, 'BA': 0, 'BB': 2}};at=R
r934	2	2149999	+	2	2150000	-	aid=r934;cn={'2': {'AA': 1, 'AB': 0, 'BA': 0, 'BB': 2}};at=R
r935	2	4049999	+	2	4050000	-	aid=r935;cn={'2': {'AA': 1, 'AB': 0, 'BA': 0, 'BB': 2}};at=R
r936	2	4099999	+	2	4100000	-	aid=r936;cn={'2': {'AA': 1, 'AB': 0, 'BA': 0, 'BB': 2}};at=R
r937	2	8162087	+	2	8162088	-	aid=r937;cn={'2': {'AA': 1, 'AB': 0, 'BA': 0, 'BB': 1}};at=R
r938	2	8169625	+	2	8169626	-	aid=r938;cn={'2': {'AA': 1, 'AB': 0, 'BA': 0, 'BB': 1}};at=R
r939	2	8225397	+	2	8225398	-	aid=r939;cn={'2': {'AA': 1, 'AB': 0, 'BA': 0, 'BB': 1}};at=R
r940	2	8226151	+	2	8226152	-	aid=r940;cn={'2': {'AA': 1, 'AB': 0, 'BA': 0, 'BB': 1}};at=R
r941	2	8349999	+	2	8350000	-	aid=r941;cn={'2': {'AA': 1, 'AB': 0, 'BA': 0, 'BB': 2}};at=R
r942	2	8372477	+	2	8372478	-	aid=r942;cn={'2': {'AA': 1, 'AB': 0, 'BA': 0, 'BB': 1}};at=R
r943	2	8986876	+	2	8986877	-	aid=r943;cn={'2': {'AA': 1, 'AB': 0, 'BA': 0, 'BB': 1}};at=R
r944	2	8996916	+	2	8996917	-	aid=r944;cn={'2': {'AA': 1, 'AB': 0, 'BA': 0, 'BB': 1}};at=R
r945	2	9049999	+	2	9050000	-	aid=r945;cn={'2': {'AA': 1, 'AB': 0, 'BA': 0, 'BB': 1}};at=R
r946	2	9057668	+	2	9057669	-	aid=r946;cn={'2': {'AA': 1, 'AB': 0, 'BA': 0, 'BB': 1}};at=R
r947	2	9269513	+	2	9269514	-	aid=r947;cn={'2': {'AA': 0, 'AB': 0, 'BA': 0, 'BB': 2}};at=R
r948	2	9293448	+	2	9293449	-	aid=r948;cn={'2': {'AA': 0, 'AB': 0, 'BA': 0, 'BB': 2}};at=R
r949	2	9499999	+	2	9500000	-	aid=r949;cn={'2': {'AA': 1, 'AB': 0, 'BA': 0, 'BB': 2}};at=R
r950	2	9503316	+	2	9503317	-	aid=r950;cn={'2': {'AA': 1, 'AB': 0, 'BA': 0, 'BB': 1}};at=R
r951	2	11040703	+	2	11040704	-	aid=r951;cn={'2': {'AA': 1, 'AB': 0, 'BA': 0, 'BB': 1}};at=R
r952	2	11049999	+	2	11050000	-	aid=r952;cn={'2': {'AA': 2, 'AB': 0, 'BA': 0, 'BB': 1}};at=R
r953	2	11369607	+	2	11369608	-	aid=r953;cn={'2': {'AA': 1, 'AB': 0, 'BA': 0, 'BB': 1}};at=R
r954	2	11379271	+	2	11379272	-	aid=r954;cn={'2': {'AA': 1, 'AB': 0, 'BA': 0, 'BB': 1}};at=R
r955	2	11399999	+	2	11400000	-	aid=r955;cn={'2': {'AA': 2, 'AB': 0, 'BA': 0, 'BB': 1}};at=R
r956	2	11400878	+	2	11400879	-	aid=r956;cn={'2': {'AA': 1, 'AB': 0, 'BA': 0, 'BB': 1}};at=R
r957	2	11649999	+	2	11650000	-	aid=r957;cn={'2': {'AA': 1, 'AB': 0, 'BA': 0, 'BB': 1}};at=R
r958	2	11656527	+	2	11656528	-	aid=r958;cn={'2': {'AA': 1, 'AB': 0, 'BA': 0, 'BB': 1}};at=R
r959	2	11798016	+	2	11798017	-	aid=r959;cn={'2': {'AA': 1, 'AB': 0, 'BA': 0, 'BB': 1}};at=R
r960	2	11799999	+	2	11800000	-	aid=r960;cn={'2': {'AA': 1, 'AB': 0, 'BA': 0, 'BB': 1}};at=R
r961	2	11844849	+	2	11844850	-	aid=r961;cn={'2': {'AA': 1, 'AB': 0, 'BA': 0, 'BB': 1}};at=R
r962	2	11855072	+	2	11855073	-	aid=r962;cn={'2': {'AA': 1, 'AB': 0, 'BA': 0, 'BB': 1}};at=R
r963	2	11894957	+	2	11894958	-	aid=r963;cn={'2': {'AA': 1, 'AB': 0, 'BA': 0, 'BB': 1}};at=R
r964	2	11906931	+	2	11906932	-	aid=r964;cn={'2': {'AA': 1, 'AB': 0, 'BA': 0, 'BB': 1}};at=R
r965	2	11912009	+	2	11912010	-	aid=r965;cn={'2': {'AA': 1, 'AB': 0, 'BA': 0, 'BB': 1}};at=R
r966	2	11929671	+	2	11929672	-	aid=r966;cn={'2': {'AA': 1, 'AB': 0, 'BA': 0, 'BB': 1}};at=R
r967	2	12099999	+	2	12100000	-	aid=r967;cn={'2': {'AA': 1, 'AB': 0, 'BA': 0, 'BB': 1}};at=R
r968	2	12128363	+	2	12128364	-	aid=r968;cn={'2': {'AA': 1, 'AB': 0, 'BA': 0, 'BB': 1}};at=R
r969	2	12148844	+	2	12148845	-	aid=r969;cn={'2': {'AA': 1, 'AB': 0, 'BA': 0, 'BB': 1}};at=R
r970	2	12149999	+	2	12150000	-	aid=r970;cn={'2': {'AA': 1, 'AB': 0, 'BA': 0, 'BB': 1}};at=R
r971	2	12186130	+	2	12186131	-	aid=r971;cn={'2': {'AA': 1, 'AB': 0, 'BA': 0, 'BB': 1}};at=R
r972	2	12188193	+	2	12188194	-	aid=r972;cn={'2': {'AA': 1, 'AB': 0, 'BA': 0, 'BB': 1}};at=R
r973	2	12326603	+	2	12326604	-	aid=r973;cn={'2': {'AA': 1, 'AB': 0, 'BA': 0, 'BB': 1}};at=R
r974	2	12328547	+	2	12328548	-	aid=r974;cn={'2': {'AA': 1, 'AB': 0, 'BA': 0, 'BB': 1}};at=R
r975	2	12333342	+	2	12333343	-	aid=r975;cn={'2': {'AA': 1, 'AB': 0, 'BA': 0, 'BB': 1}};at=R
r976	2	12374999	+	2	12375000	-	aid=r976;cn={'2': {'AA': 1, 'AB': 0, 'BA': 0, 'BB': 2}};at=R
r977	2	13149936	+	2	13149937	-	aid=r977;cn={'2': {'AA': 1, 'AB': 0, 'BA': 0, 'BB': 1}};at=R
r978	2	13167201	+	2	13167202	-	aid=r978;cn={'2': {'AA': 1, 'AB': 0, 'BA': 0, 'BB': 1}};at=R
r979	2	13213457	+	2	13213458	-	aid=r979;cn={'2': {'AA': 1, 'AB': 0, 'BA': 0, 'BB': 1}};at=R
r980	2	13319519	+	2	13319520	-	aid=r980;cn={'2': {'AA': 0, 'AB': 0, 'BA': 0, 'BB': 2}};at=R
r981	2	13339043	+	2	13339044	-	aid=r981;cn={'2': {'AA': 0, 'AB': 0, 'BA': 0, 'BB': 2}};at=R
r982	2	13767597	+	2	13767598	-	aid=r982;cn={'2': {'AA': 0, 'AB': 0, 'BA': 0, 'BB': 2}};at=R
r983	2	13769746	+	2	13769747	-	aid=r983;cn={'2': {'AA': 0, 'AB': 0, 'BA': 0, 'BB': 2}};at=R
r984	2	13771151	+	2	13771152	-	aid=r984;cn={'2': {'AA': 0, 'AB': 0, 'BA': 0, 'BB': 2}};at=R
r985	2	13836965	+	2	13836966	-	aid=r985;cn={'2': {'AA': 0, 'AB': 0, 'BA': 0, 'BB': 2}};at=R
r986	2	13849999	+	2	13850000	-	aid=r986;cn={'2': {'AA': 1, 'AB': 0, 'BA': 0, 'BB': 2}};at=R
r987	2	13899999	+	2	13900000	-	aid=r987;cn={'2': {'AA': 1, 'AB': 0, 'BA': 0, 'BB': 2}};at=R
r988	2	13904525	+	2	13904526	-	aid=r988;cn={'2': {'AA': 1, 'AB': 0, 'BA': 0, 'BB': 1}};at=R
r989	2	13910017	+	2	13910018	-	aid=r989;cn={'2': {'AA': 1, 'AB': 0, 'BA': 0, 'BB': 1}};at=R
r990	2	13911523	+	2	13911524	-	aid=r990;cn={'2': {'AA': 1, 'AB': 0, 'BA': 0, 'BB': 1}};at=R
r991	2	21649999	+	2	21650000	-	aid=r991;cn={'2': {'AA': 1, 'AB': 0, 'BA': 0, 'BB': 1}};at=R
r992	2	21658597	+	2	21658598	-	aid=r992;cn={'2': {'AA': 0, 'AB': 0, 'BA': 0, 'BB': 1}};at=R
r993	2	21666345	+	2	21666346	-	aid=r993;cn={'2': {'AA': 0, 'AB': 0, 'BA': 0, 'BB': 1}};at=R
r994	2	22849999	+	2	22850000	-	aid=r994;cn={'2': {'AA': 0, 'AB': 0, 'BA': 0, 'BB': 1}};at=R
r995	2	22865141	+	2	22865142	-	aid=r995;cn={'2': {'AA': 0, 'AB': 0, 'BA': 0, 'BB': 1}};at=R
r996	2	22869614	+	2	22869615	-	aid=r996;cn={'2': {'AA': 1, 'AB': 0, 'BA': 0, 'BB': 0}};at=R
r997	2	22874527	+	2	22874528	-	aid=r997;cn={'2': {'AA': 1, 'AB': 0, 'BA': 0, 'BB': 1}};at=R
r998	2	22876464	+	2	22876465	-	aid=r998;cn={'2': {'AA': 1, 'AB': 0, 'BA': 0, 'BB': 0}};at=R
r999	2	38546741	+	2	38546742	-	aid=r999;cn={'2': {'AA': 1, 'AB': 0, 'BA': 0, 'BB': 0}};at=R
r1000	2	38549999	+	2	38550000	-	aid=r1000;cn={'2': {'AA': 1, 'AB': 0, 'BA': 0, 'BB': 0}};at=R
r1001	2	39184643	+	2	39184644	-	aid=r1001;cn={'2': {'AA': 1, 'AB': 0, 'BA': 0, 'BB': 0}};at=R
r1002	2	39196309	+	2	39196310	-	aid=r1002;cn={'2': {'AA': 1, 'AB': 0, 'BA': 0, 'BB': 0}};at=R
r1003	2	39199999	+	2	39200000	-	aid=r1003;cn={'2': {'AA': 1, 'AB': 0, 'BA': 0, 'BB': 0}};at=R
r1004	2	39223074	+	2	39223075	-	aid=r1004;cn={'2': {'AA': 1, 'AB': 0, 'BA': 0, 'BB': 0}};at=R
r1005	2	40031826	+	2	40031827	-	aid=r1005;cn={'2': {'AA': 1, 'AB': 0, 'BA': 0, 'BB': 0}};at=R
r1006	2	40099999	+	2	40100000	-	aid=r1006;cn={'2': {'AA': 1, 'AB': 0, 'BA': 0, 'BB': 1}};at=R
r1007	2	40124300	+	2	40124301	-	aid=r1007;cn={'2': {'AA': 0, 'AB': 0, 'BA': 0, 'BB': 1}};at=R
r1008	2	40182601	+	2	40182602	-	aid=r1008;cn={'2': {'AA': 0, 'AB': 0, 'BA': 0, 'BB': 1}};at=R
r1009	2	40187598	+	2	40187599	-	aid=r1009;cn={'2': {'AA': 0, 'AB': 0, 'BA': 0, 'BB': 1}};at=R
r1010	2	40192216	+	2	40192217	-	aid=r1010;cn={'2': {'AA': 0, 'AB': 0, 'BA': 0, 'BB': 1}};at=R
r1011	2	40199999	+	2	40200000	-	aid=r1011;cn={'2': {'AA': 1, 'AB': 0, 'BA': 0, 'BB': 1}};at=R
r1012	2	40210145	+	2	40210146	-	aid=r1012;cn={'2': {'AA': 1, 'AB': 0, 'BA': 0, 'BB': 0}};at=R
r1013	2	40499999	+	2	40500000	-	aid=r1013;cn={'2': {'AA': 1, 'AB': 0, 'BA': 0, 'BB': 1}};at=R
r1014	2	40523105	+	2	40523106	-	aid=r1014;cn={'2': {'AA': 1, 'AB': 0, 'BA': 0, 'BB': 0}};at=R
r1015	2	40533700	+	2	40533701	-	aid=r1015;cn={'2': {'AA': 1, 'AB': 0, 'BA': 0, 'BB': 0}};at=R
r1016	2	40549999	+	2	40550000	-	aid=r1016;cn={'2': {'AA': 1, 'AB': 0, 'BA': 0, 'BB': 0}};at=R
r1017	2	43729684	+	2	43729685	-	aid=r1017;cn={'2': {'AA': 1, 'AB': 0, 'BA': 0, 'BB': 0}};at=R
r1018	2	43735299	+	2	43735300	-	aid=r1018;cn={'2': {'AA': 1, 'AB': 0, 'BA': 0, 'BB': 0}};at=R
r1019	2	43771443	+	2	43771444	-	aid=r1019;cn={'2': {'AA': 1, 'AB': 0, 'BA': 0, 'BB': 0}};at=R
r1020	2	43799999	+	2	43800000	-	aid=r1020;cn={'2': {'AA': 1, 'AB': 0, 'BA': 0, 'BB': 1}};at=R
r1021	2	57693031	+	2	57693032	-	aid=r1021;cn={'2': {'AA': 0, 'AB': 0, 'BA': 0, 'BB': 1}};at=R
r1022	2	57728550	+	2	57728551	-	aid=r1022;cn={'2': {'AA': 0, 'AB': 0, 'BA': 0, 'BB': 1}};at=R
r1023	2	57729461	+	2	57729462	-	aid=r1023;cn={'2': {'AA': 0, 'AB': 0, 'BA': 0, 'BB': 1}};at=R
r1024	2	57732187	+	2	57732188	-	aid=r1024;cn={'2': {'AA': 1, 'AB': 0, 'BA': 0, 'BB': 0}};at=R
r1025	2	57735182	+	2	57735183	-	aid=r1025;cn={'2': {'AA': 0, 'AB': 0, 'BA': 0, 'BB': 0}};at=R
r1026	2	57749999	+	2	57750000	-	aid=r1026;cn={'2': {'AA': 0, 'AB': 0, 'BA': 0, 'BB': 0}};at=R
r1027	2	57785625	+	2	57785626	-	aid=r1027;cn={'2': {'AA': 0, 'AB': 0, 'BA': 0, 'BB': 0}};at=R
r1028	2	57789275	+	2	57789276	-	aid=r1028;cn={'2': {'AA': 0, 'AB': 0, 'BA': 0, 'BB': 1}};at=R
r1029	2	57799999	+	2	57800000	-	aid=r1029;cn={'2': {'AA': 1, 'AB': 0, 'BA': 0, 'BB': 1}};at=R
r1030	2	60936889	+	2	60936890	-	aid=r1030;cn={'2': {'AA': 0, 'AB': 0, 'BA': 0, 'BB': 1}};at=R
r1031	2	60951973	+	2	60951974	-	aid=r1031;cn={'2': {'AA': 0, 'AB': 0, 'BA': 0, 'BB': 1}};at=R
r1032	2	60999225	+	2	60999226	-	aid=r1032;cn={'2': {'AA': 1, 'AB': 0, 'BA': 0, 'BB': 1}};at=R
r1033	2	60999999	+	2	61000000	-	aid=r1033;cn={'2': {'AA': 1, 'AB': 0, 'BA': 0, 'BB': 1}};at=R
r1034	2	61299999	+	2	61300000	-	aid=r1034;cn={'2': {'AA': 1, 'AB': 0, 'BA': 0, 'BB': 1}};at=R
r1035	2	61318689	+	2	61318690	-	aid=r1035;cn={'2': {'AA': 0, 'AB': 0, 'BA': 0, 'BB': 1}};at=R
r1036	2	65542606	+	2	65542607	-	aid=r1036;cn={'2': {'AA': 1, 'AB': 0, 'BA': 0, 'BB': 0}};at=R
r1037	2	65549999	+	2	65550000	-	aid=r1037;cn={'2': {'AA': 1, 'AB': 0, 'BA': 0, 'BB': 0}};at=R
r1038	2	68254620	+	2	68254621	-	aid=r1038;cn={'2': {'AA': 1, 'AB': 0, 'BA': 0, 'BB': 0}};at=R
r1039	2	68259733	+	2	68259734	-	aid=r1039;cn={'2': {'AA': 1, 'AB': 0, 'BA': 0, 'BB': 0}};at=R
r1040	2	68261306	+	2	68261307	-	aid=r1040;cn={'2': {'AA': 1, 'AB': 0, 'BA': 0, 'BB': 0}};at=R
r1041	2	76013153	+	2	76013154	-	aid=r1041;cn={'2': {'AA': 1, 'AB': 0, 'BA': 0, 'BB': 0}};at=R
r1042	2	76015680	+	2	76015681	-	aid=r1042;cn={'2': {'AA': 1, 'AB': 0, 'BA': 0, 'BB': 0}};at=R
r1043	2	80249999	+	2	80250000	-	aid=r1043;cn={'2': {'AA': 1, 'AB': 0, 'BA': 0, 'BB': 0}};at=R
r1044	2	80275031	+	2	80275032	-	aid=r1044;cn={'2': {'AA': 1, 'AB': 0, 'BA': 0, 'BB': 0}};at=R
r1045	2	80276562	+	2	80276563	-	aid=r1045;cn={'2': {'AA': 1, 'AB': 0, 'BA': 0, 'BB': 1}};at=R
r1046	2	80279698	+	2	80279699	-	aid=r1046;cn={'2': {'AA': 1, 'AB': 0, 'BA': 0, 'BB': 1}};at=R
r1047	2	80279887	+	2	80279888	-	aid=r1047;cn={'2': {'AA': 0, 'AB': 0, 'BA': 0, 'BB': 2}};at=R
r1048	2	80280099	+	2	80280100	-	aid=r1048;cn={'2': {'AA': 0, 'AB': 0, 'BA': 0, 'BB': 2}};at=R
r1049	2	80293745	+	2	80293746	-	aid=r1049;cn={'2': {'AA': 1, 'AB': 0, 'BA': 0, 'BB': 1}};at=R
r1050	2	80297144	+	2	80297145	-	aid=r1050;cn={'2': {'AA': 1, 'AB': 0, 'BA': 0, 'BB': 3}};at=R
r1051	2	80297260	+	2	80297261	-	aid=r1051;cn={'2': {'AA': 1, 'AB': 0, 'BA': 0, 'BB': 0}};at=R
r1052	2	80299999	+	2	80300000	-	aid=r1052;cn={'2': {'AA': 1, 'AB': 0, 'BA': 0, 'BB': 1}};at=R
r1053	2	87049999	+	2	87050000	-	aid=r1053;cn={'2': {'AA': 1, 'AB': 0, 'BA': 0, 'BB': 1}};at=R
r1054	2	87099999	+	2	87100000	-	aid=r1054;cn={'2': {'AA': 1, 'AB': 0, 'BA': 0, 'BB': 1}};at=R
r1055	2	87149999	+	2	87150000	-	aid=r1055;cn={'2': {'AA': 1, 'AB': 0, 'BA': 0, 'BB': 1}};at=R
r1056	2	87449999	+	2	87450000	-	aid=r1056;cn={'2': {'AA': 1, 'AB': 0, 'BA': 0, 'BB': 1}};at=R
r1057	2	87499999	+	2	87500000	-	aid=r1057;cn={'2': {'AA': 1, 'AB': 0, 'BA': 0, 'BB': 1}};at=R
r1058	2	87749999	+	2	87750000	-	aid=r1058;cn={'2': {'AA': 1, 'AB': 0, 'BA': 0, 'BB': 1}};at=R
r1059	2	87899999	+	2	87900000	-	aid=r1059;cn={'2': {'AA': 1, 'AB': 0, 'BA': 0, 'BB': 1}};at=R
r1060	2	87949999	+	2	87950000	-	aid=r1060;cn={'2': {'AA': 1, 'AB': 0, 'BA': 0, 'BB': 1}};at=R
r1061	2	87999999	+	2	88000000	-	aid=r1061;cn={'2': {'AA': 1, 'AB': 0, 'BA': 0, 'BB': 1}};at=R
r1062	2	88249999	+	2	88250000	-	aid=r1062;cn={'2': {'AA': 1, 'AB': 0, 'BA': 0, 'BB': 1}};at=R
r1063	2	89299999	+	2	89300000	-	aid=r1063;cn={'2': {'AA': 1, 'AB': 0, 'BA': 0, 'BB': 1}};at=R
r1064	2	89399999	+	2	89400000	-	aid=r1064;cn={'2': {'AA': 1, 'AB': 0, 'BA': 0, 'BB': 1}};at=R
r1065	2	89549999	+	2	89550000	-	aid=r1065;cn={'2': {'AA': 1, 'AB': 0, 'BA': 0, 'BB': 1}};at=R
r1066	2	89724999	+	2	89725000	-	aid=r1066;cn={'2': {'AA': 1, 'AB': 0, 'BA': 0, 'BB': 1}};at=R
r1067	2	89999999	+	2	90000000	-	aid=r1067;cn={'2': {'AA': 1, 'AB': 0, 'BA': 0, 'BB': 1}};at=R
r1068	2	90049999	+	2	90050000	-	aid=r1068;cn={'2': {'AA': 1, 'AB': 0, 'BA': 0, 'BB': 1}};at=R
r1069	2	90149999	+	2	90150000	-	aid=r1069;cn={'2': {'AA': 1, 'AB': 0, 'BA': 0, 'BB': 1}};at=R
r1070	2	90249999	+	2	90250000	-	aid=r1070;cn={'2': {'AA': 1, 'AB': 0, 'BA': 0, 'BB': 1}};at=R
r1071	2	90399999	+	2	90400000	-	aid=r1071;cn={'2': {'AA': 1, 'AB': 0, 'BA': 0, 'BB': 1}};at=R
r1072	2	91024999	+	2	91025000	-	aid=r1072;cn={'2': {'AA': 1, 'AB': 0, 'BA': 0, 'BB': 1}};at=R
r1073	2	91599999	+	2	91600000	-	aid=r1073;cn={'2': {'AA': 1, 'AB': 0, 'BA': 0, 'BB': 1}};at=R
r1074	2	91649999	+	2	91650000	-	aid=r1074;cn={'2': {'AA': 1, 'AB': 0, 'BA': 0, 'BB': 1}};at=R
r1075	2	91749999	+	2	91750000	-	aid=r1075;cn={'2': {'AA': 1, 'AB': 0, 'BA': 0, 'BB': 1}};at=R
r1076	2	91799999	+	2	91800000	-	aid=r1076;cn={'2': {'AA': 1, 'AB': 0, 'BA': 0, 'BB': 1}};at=R
r1077	2	91849999	+	2	91850000	-	aid=r1077;cn={'2': {'AA': 1, 'AB': 0, 'BA': 0, 'BB': 1}};at=R
r1078	2	91949999	+	2	91950000	-	aid=r1078;cn={'2': {'AA': 1, 'AB': 0, 'BA': 0, 'BB': 1}};at=R
r1079	2	91999999	+	2	92000000	-	aid=r1079;cn={'2': {'AA': 1, 'AB': 0, 'BA': 0, 'BB': 1}};at=R
r1080	2	92038184	+	2	92038185	-	aid=r1080;cn={'2': {'AA': 0, 'AB': 0, 'BA': 0, 'BB': 1}};at=R
r1081	2	92044416	+	2	92044417	-	aid=r1081;cn={'2': {'AA': 0, 'AB': 0, 'BA': 0, 'BB': 1}};at=R
r1082	2	92049999	+	2	92050000	-	aid=r1082;cn={'2': {'AA': 1, 'AB': 0, 'BA': 0, 'BB': 1}};at=R
r1083	2	92249999	+	2	92250000	-	aid=r1083;cn={'2': {'AA': 1, 'AB': 0, 'BA': 0, 'BB': 1}};at=R
r1084	2	92299999	+	2	92300000	-	aid=r1084;cn={'2': {'AA': 1, 'AB': 0, 'BA': 0, 'BB': 1}};at=R
r1085	2	96599999	+	2	96600000	-	aid=r1085;cn={'2': {'AA': 1, 'AB': 0, 'BA': 0, 'BB': 1}};at=R
r1086	2	96649999	+	2	96650000	-	aid=r1086;cn={'2': {'AA': 1, 'AB': 0, 'BA': 0, 'BB': 1}};at=R
r1087	2	97699999	+	2	97700000	-	aid=r1087;cn={'2': {'AA': 1, 'AB': 0, 'BA': 0, 'BB': 1}};at=R
r1088	2	97799999	+	2	97800000	-	aid=r1088;cn={'2': {'AA': 1, 'AB': 0, 'BA': 0, 'BB': 1}};at=R
r1089	2	97899999	+	2	97900000	-	aid=r1089;cn={'2': {'AA': 1, 'AB': 0, 'BA': 0, 'BB': 1}};at=R
r1090	2	98099999	+	2	98100000	-	aid=r1090;cn={'2': {'AA': 1, 'AB': 0, 'BA': 0, 'BB': 1}};at=R
r1091	2	98199999	+	2	98200000	-	aid=r1091;cn={'2': {'AA': 1, 'AB': 0, 'BA': 0, 'BB': 1}};at=R
r1092	2	98249999	+	2	98250000	-	aid=r1092;cn={'2': {'AA': 1, 'AB': 0, 'BA': 0, 'BB': 1}};at=R
r1093	2	99849999	+	2	99850000	-	aid=r1093;cn={'2': {'AA': 1, 'AB': 0, 'BA': 0, 'BB': 1}};at=R
r1094	2	99899999	+	2	99900000	-	aid=r1094;cn={'2': {'AA': 1, 'AB': 0, 'BA': 0, 'BB': 1}};at=R
r1095	2	100624999	+	2	100625000	-	aid=r1095;cn={'2': {'AA': 1, 'AB': 0, 'BA': 0, 'BB': 1}};at=R
r1096	2	100699999	+	2	100700000	-	aid=r1096;cn={'2': {'AA': 1, 'AB': 0, 'BA': 0, 'BB': 1}};at=R
r1097	2	103499999	+	2	103500000	-	aid=r1097;cn={'2': {'AA': 1, 'AB': 0, 'BA': 0, 'BB': 1}};at=R
r1098	2	103520974	+	2	103520975	-	aid=r1098;cn={'2': {'AA': 1, 'AB': 0, 'BA': 0, 'BB': 0}};at=R
r1099	2	103550013	+	2	103550014	-	aid=r1099;cn={'2': {'AA': 1, 'AB': 0, 'BA': 0, 'BB': 0}};at=R
r1100	2	103552057	+	2	103552058	-	aid=r1100;cn={'2': {'AA': 1, 'AB': 0, 'BA': 0, 'BB': 0}};at=R
r1101	2	104582085	+	2	104582086	-	aid=r1101;cn={'2': {'AA': 1, 'AB': 0, 'BA': 0, 'BB': 0}};at=R
r1102	2	104599999	+	2	104600000	-	aid=r1102;cn={'2': {'AA': 1, 'AB': 0, 'BA': 0, 'BB': 1}};at=R
r1103	2	108499999	+	2	108500000	-	aid=r1103;cn={'2': {'AA': 1, 'AB': 0, 'BA': 0, 'BB': 1}};at=R
r1104	2	108549999	+	2	108550000	-	aid=r1104;cn={'2': {'AA': 1, 'AB': 0, 'BA': 0, 'BB': 1}};at=R
r1105	2	110499999	+	2	110500000	-	aid=r1105;cn={'2': {'AA': 1, 'AB': 0, 'BA': 0, 'BB': 1}};at=R
r1106	2	110849999	+	2	110850000	-	aid=r1106;cn={'2': {'AA': 1, 'AB': 0, 'BA': 0, 'BB': 1}};at=R
r1107	2	111099999	+	2	111100000	-	aid=r1107;cn={'2': {'AA': 1, 'AB': 0, 'BA': 0, 'BB': 1}};at=R
r1108	2	111174999	+	2	111175000	-	aid=r1108;cn={'2': {'AA': 1, 'AB': 0, 'BA': 0, 'BB': 1}};at=R
r1109	2	112499999	+	2	112500000	-	aid=r1109;cn={'2': {'AA': 1, 'AB': 0, 'BA': 0, 'BB': 1}};at=R
r1110	2	112549999	+	2	112550000	-	aid=r1110;cn={'2': {'AA': 1, 'AB': 0, 'BA': 0, 'BB': 1}};at=R
r1111	2	113149999	+	2	113150000	-	aid=r1111;cn={'2': {'AA': 1, 'AB': 0, 'BA': 0, 'BB': 1}};at=R
r1112	2	113199999	+	2	113200000	-	aid=r1112;cn={'2': {'AA': 1, 'AB': 0, 'BA': 0, 'BB': 1}};at=R
r1113	2	114199999	+	2	114200000	-	aid=r1113;cn={'2': {'AA': 1, 'AB': 0, 'BA': 0, 'BB': 1}};at=R
r1114	2	114349999	+	2	114350000	-	aid=r1114;cn={'2': {'AA': 1, 'AB': 0, 'BA': 0, 'BB': 1}};at=R
r1115	2	118249999	+	2	118250000	-	aid=r1115;cn={'2': {'AA': 1, 'AB': 0, 'BA': 0, 'BB': 1}};at=R
r1116	2	118285141	+	2	118285142	-	aid=r1116;cn={'2': {'AA': 0, 'AB': 0, 'BA': 0, 'BB': 1}};at=R
r1117	2	118299999	+	2	118300000	-	aid=r1117;cn={'2': {'AA': 0, 'AB': 0, 'BA': 0, 'BB': 1}};at=R
r1118	2	118311517	+	2	118311518	-	aid=r1118;cn={'2': {'AA': 0, 'AB': 0, 'BA': 0, 'BB': 1}};at=R
r1119	2	118328842	+	2	118328843	-	aid=r1119;cn={'2': {'AA': 1, 'AB': 0, 'BA': 0, 'BB': 0}};at=R
r1120	2	118330580	+	2	118330581	-	aid=r1120;cn={'2': {'AA': 1, 'AB': 0, 'BA': 0, 'BB': 0}};at=R
r1121	2	119449999	+	2	119450000	-	aid=r1121;cn={'2': {'AA': 1, 'AB': 0, 'BA': 0, 'BB': 1}};at=R
r1122	2	119499999	+	2	119500000	-	aid=r1122;cn={'2': {'AA': 1, 'AB': 0, 'BA': 0, 'BB': 1}};at=R
r1123	2	125849999	+	2	125850000	-	aid=r1123;cn={'2': {'AA': 1, 'AB': 0, 'BA': 0, 'BB': 1}};at=R
r1124	2	125873101	+	2	125873102	-	aid=r1124;cn={'2': {'AA': 0, 'AB': 0, 'BA': 0, 'BB': 1}};at=R
r1125	2	132366713	+	2	132366714	-	aid=r1125;cn={'2': {'AA': 0, 'AB': 0, 'BA': 0, 'BB': 0}};at=R
r1126	2	132370802	+	2	132370803	-	aid=r1126;cn={'2': {'AA': 0, 'AB': 0, 'BA': 0, 'BB': 0}};at=R
r1127	2	133907213	+	2	133907214	-	aid=r1127;cn={'2': {'AA': 0, 'AB': 0, 'BA': 0, 'BB': 1}};at=R
r1128	2	133984661	+	2	133984662	-	aid=r1128;cn={'2': {'AA': 0, 'AB': 0, 'BA': 0, 'BB': 1}};at=R
r1129	2	134209281	+	2	134209282	-	aid=r1129;cn={'2': {'AA': 0, 'AB': 0, 'BA': 0, 'BB': 0}};at=R
r1130	2	134249489	+	2	134249490	-	aid=r1130;cn={'2': {'AA': 0, 'AB': 0, 'BA': 0, 'BB': 0}};at=R
r1131	2	134332458	+	2	134332459	-	aid=r1131;cn={'2': {'AA': 0, 'AB': 0, 'BA': 0, 'BB': 1}};at=R
r1132	2	134684884	+	2	134684885	-	aid=r1132;cn={'2': {'AA': 0, 'AB': 0, 'BA': 0, 'BB': 0}};at=R
r1133	2	134695116	+	2	134695117	-	aid=r1133;cn={'2': {'AA': 0, 'AB': 0, 'BA': 0, 'BB': 0}};at=R
r1134	2	137207478	+	2	137207479	-	aid=r1134;cn={'2': {'AA': 0, 'AB': 0, 'BA': 0, 'BB': 0}};at=R
r1135	2	137255575	+	2	137255576	-	aid=r1135;cn={'2': {'AA': 0, 'AB': 0, 'BA': 0, 'BB': 0}};at=R
r1136	2	137956045	+	2	137956046	-	aid=r1136;cn={'2': {'AA': 0, 'AB': 0, 'BA': 0, 'BB': 1}};at=R
r1137	2	137956805	+	2	137956806	-	aid=r1137;cn={'2': {'AA': 0, 'AB': 0, 'BA': 0, 'BB': 1}};at=R
r1138	2	138067576	+	2	138067577	-	aid=r1138;cn={'2': {'AA': 0, 'AB': 0, 'BA': 0, 'BB': 1}};at=R
r1139	2	138071863	+	2	138071864	-	aid=r1139;cn={'2': {'AA': 0, 'AB': 0, 'BA': 0, 'BB': 1}};at=R
r1140	2	138164615	+	2	138164616	-	aid=r1140;cn={'2': {'AA': 0, 'AB': 0, 'BA': 0, 'BB': 1}};at=R
r1141	2	138183583	+	2	138183584	-	aid=r1141;cn={'2': {'AA': 0, 'AB': 0, 'BA': 0, 'BB': 1}};at=R
r1142	2	138491309	+	2	138491310	-	aid=r1142;cn={'2': {'AA': 0, 'AB': 0, 'BA': 0, 'BB': 0}};at=R
r1143	2	138515495	+	2	138515496	-	aid=r1143;cn={'2': {'AA': 0, 'AB': 0, 'BA': 0, 'BB': 0}};at=R
r1144	2	139215797	+	2	139215798	-	aid=r1144;cn={'2': {'AA': 0, 'AB': 0, 'BA': 0, 'BB': 1}};at=R
r1145	2	140537976	+	2	140537977	-	aid=r1145;cn={'2': {'AA': 0, 'AB': 0, 'BA': 0, 'BB': 0}};at=R
r1146	2	140540735	+	2	140540736	-	aid=r1146;cn={'2': {'AA': 0, 'AB': 0, 'BA': 0, 'BB': 0}};at=R
r1147	2	143493486	+	2	143493487	-	aid=r1147;cn={'2': {'AA': 0, 'AB': 0, 'BA': 0, 'BB': 0}};at=R
r1148	2	143629163	+	2	143629164	-	aid=r1148;cn={'2': {'AA': 0, 'AB': 0, 'BA': 0, 'BB': 0}};at=R
r1149	2	149893997	+	2	149893998	-	aid=r1149;cn={'2': {'AA': 0, 'AB': 0, 'BA': 0, 'BB': 1}};at=R
r1150	2	149899999	+	2	149900000	-	aid=r1150;cn={'2': {'AA': 1, 'AB': 0, 'BA': 0, 'BB': 1}};at=R
r1151	2	152521862	+	2	152521863	-	aid=r1151;cn={'2': {'AA': 1, 'AB': 0, 'BA': 0, 'BB': 0}};at=R
r1152	2	152549999	+	2	152550000	-	aid=r1152;cn={'2': {'AA': 1, 'AB': 0, 'BA': 0, 'BB': 0}};at=R
r1153	2	155924999	+	2	155925000	-	aid=r1153;cn={'2': {'AA': 1, 'AB': 0, 'BA': 0, 'BB': 0}};at=R
r1154	2	155951485	+	2	155951486	-	aid=r1154;cn={'2': {'AA': 1, 'AB': 0, 'BA': 0, 'BB': 0}};at=R
r1155	2	157299999	+	2	157300000	-	aid=r1155;cn={'2': {'AA': 1, 'AB': 0, 'BA': 0, 'BB': 1}};at=R
r1156	2	157312435	+	2	157312436	-	aid=r1156;cn={'2': {'AA': 1, 'AB': 0, 'BA': 0, 'BB': 0}};at=R
r1157	2	157333008	+	2	157333009	-	aid=r1157;cn={'2': {'AA': 1, 'AB': 0, 'BA': 0, 'BB': 0}};at=R
r1158	2	157349999	+	2	157350000	-	aid=r1158;cn={'2': {'AA': 1, 'AB': 0, 'BA': 0, 'BB': 1}};at=R
r1159	2	162149999	+	2	162150000	-	aid=r1159;cn={'2': {'AA': 1, 'AB': 0, 'BA': 0, 'BB': 1}};at=R
r1160	2	162199999	+	2	162200000	-	aid=r1160;cn={'2': {'AA': 1, 'AB': 0, 'BA': 0, 'BB': 1}};at=R
r1161	2	166474999	+	2	166475000	-	aid=r1161;cn={'2': {'AA': 1, 'AB': 0, 'BA': 0, 'BB': 1}};at=R
r1162	2	166549999	+	2	166550000	-	aid=r1162;cn={'2': {'AA': 1, 'AB': 0, 'BA': 0, 'BB': 1}};at=R
r1163	2	186699999	+	2	186700000	-	aid=r1163;cn={'2': {'AA': 1, 'AB': 0, 'BA': 0, 'BB': 1}};at=R
r1164	2	186712572	+	2	186712573	-	aid=r1164;cn={'2': {'AA': 0, 'AB': 0, 'BA': 0, 'BB': 1}};at=R
r1165	2	187099999	+	2	187100000	-	aid=r1165;cn={'2': {'AA': 0, 'AB': 0, 'BA': 0, 'BB': 1}};at=R
r1166	2	187111775	+	2	187111776	-	aid=r1166;cn={'2': {'AA': 0, 'AB': 0, 'BA': 0, 'BB': 1}};at=R
r1167	2	196149999	+	2	196150000	-	aid=r1167;cn={'2': {'AA': 1, 'AB': 0, 'BA': 0, 'BB': 1}};at=R
r1168	2	196199999	+	2	196200000	-	aid=r1168;cn={'2': {'AA': 1, 'AB': 0, 'BA': 0, 'BB': 1}};at=R
r1169	2	205299999	+	2	205300000	-	aid=r1169;cn={'2': {'AA': 1, 'AB': 0, 'BA': 0, 'BB': 1}};at=R
r1170	2	205349999	+	2	205350000	-	aid=r1170;cn={'2': {'AA': 1, 'AB': 0, 'BA': 0, 'BB': 1}};at=R
r1171	2	232699999	+	2	232700000	-	aid=r1171;cn={'2': {'AA': 1, 'AB': 0, 'BA': 0, 'BB': 1}};at=R
r1172	2	232749999	+	2	232750000	-	aid=r1172;cn={'2': {'AA': 1, 'AB': 0, 'BA': 0, 'BB': 1}};at=R
r1173	2	239649999	+	2	239650000	-	aid=r1173;cn={'2': {'AA': 1, 'AB': 0, 'BA': 0, 'BB': 1}};at=R
r1174	2	239699999	+	2	239700000	-	aid=r1174;cn={'2': {'AA': 1, 'AB': 0, 'BA': 0, 'BB': 1}};at=R
r1175	2	243049999	+	2	243050000	-	aid=r1175;cn={'2': {'AA': 1, 'AB': 0, 'BA': 0, 'BB': 1}};at=R
r1176	2	243124999	+	2	243125000	-	aid=r1176;cn={'2': {'AA': 1, 'AB': 0, 'BA': 0, 'BB': 1}};at=R
r1177	20	3449999	+	20	3450000	-	aid=r1177;cn={'2': {'AA': 1, 'AB': 0, 'BA': 0, 'BB': 1}};at=R
r1178	20	3524999	+	20	3525000	-	aid=r1178;cn={'2': {'AA': 1, 'AB': 0, 'BA': 0, 'BB': 1}};at=R
r1179	20	21849999	+	20	21850000	-	aid=r1179;cn={'2': {'AA': 1, 'AB': 0, 'BA': 0, 'BB': 1}};at=R
r1180	20	21924999	+	20	21925000	-	aid=r1180;cn={'2': {'AA': 1, 'AB': 0, 'BA': 0, 'BB': 1}};at=R
r1181	20	25749999	+	20	25750000	-	aid=r1181;cn={'2': {'AA': 1, 'AB': 0, 'BA': 0, 'BB': 1}};at=R
r1182	20	25799999	+	20	25800000	-	aid=r1182;cn={'2': {'AA': 1, 'AB': 0, 'BA': 0, 'BB': 1}};at=R
r1183	20	25999999	+	20	26000000	-	aid=r1183;cn={'2': {'AA': 1, 'AB': 0, 'BA': 0, 'BB': 1}};at=R
r1184	20	26099999	+	20	26100000	-	aid=r1184;cn={'2': {'AA': 1, 'AB': 0, 'BA': 0, 'BB': 1}};at=R
r1185	20	27874999	+	20	27875000	-	aid=r1185;cn={'2': {'AA': 1, 'AB': 0, 'BA': 0, 'BB': 1}};at=R
r1186	20	29499999	+	20	29500000	-	aid=r1186;cn={'2': {'AA': 1, 'AB': 0, 'BA': 0, 'BB': 1}};at=R
r1187	20	29649999	+	20	29650000	-	aid=r1187;cn={'2': {'AA': 1, 'AB': 0, 'BA': 0, 'BB': 1}};at=R
r1188	20	29749999	+	20	29750000	-	aid=r1188;cn={'2': {'AA': 1, 'AB': 0, 'BA': 0, 'BB': 1}};at=R
r1189	20	44349999	+	20	44350000	-	aid=r1189;cn={'2': {'AA': 1, 'AB': 0, 'BA': 0, 'BB': 1}};at=R
r1190	20	44399999	+	20	44400000	-	aid=r1190;cn={'2': {'AA': 1, 'AB': 0, 'BA': 0, 'BB': 1}};at=R
r1191	20	47049999	+	20	47050000	-	aid=r1191;cn={'2': {'AA': 1, 'AB': 0, 'BA': 0, 'BB': 1}};at=R
r1192	20	47084011	+	20	47084012	-	aid=r1192;cn={'2': {'AA': 1, 'AB': 0, 'BA': 0, 'BB': 1}};at=R
r1193	20	47249999	+	20	47250000	-	aid=r1193;cn={'2': {'AA': 1, 'AB': 0, 'BA': 0, 'BB': 2}};at=R
r1194	20	47274681	+	20	47274682	-	aid=r1194;cn={'2': {'AA': 1, 'AB': 0, 'BA': 0, 'BB': 1}};at=R
r1195	20	53524999	+	20	53525000	-	aid=r1195;cn={'2': {'AA': 1, 'AB': 0, 'BA': 0, 'BB': 1}};at=R
r1196	20	53774999	+	20	53775000	-	aid=r1196;cn={'2': {'AA': 1, 'AB': 0, 'BA': 0, 'BB': 1}};at=R
r1197	20	62899999	+	20	62900000	-	aid=r1197;cn={'2': {'AA': 1, 'AB': 0, 'BA': 0, 'BB': 1}};at=R
r1198	21	9449999	+	21	9450000	-	aid=r1198;cn={'2': {'AA': 1, 'AB': 0, 'BA': 0, 'BB': 1}};at=R
r1199	21	9478620	+	21	9478621	-	aid=r1199;cn={'2': {'AA': 1, 'AB': 0, 'BA': 0, 'BB': 1}};at=R
r1200	21	9849999	+	21	9850000	-	aid=r1200;cn={'2': {'AA': 1, 'AB': 0, 'BA': 0, 'BB': 1}};at=R
r1201	21	9899999	+	21	9900000	-	aid=r1201;cn={'2': {'AA': 1, 'AB': 0, 'BA': 0, 'BB': 1}};at=R
r1202	21	10049999	+	21	10050000	-	aid=r1202;cn={'2': {'AA': 1, 'AB': 0, 'BA': 0, 'BB': 1}};at=R
r1203	21	10099999	+	21	10100000	-	aid=r1203;cn={'2': {'AA': 1, 'AB': 0, 'BA': 0, 'BB': 1}};at=R
r1204	21	10699999	+	21	10700000	-	aid=r1204;cn={'2': {'AA': 1, 'AB': 0, 'BA': 0, 'BB': 1}};at=R
r1205	21	10899999	+	21	10900000	-	aid=r1205;cn={'2': {'AA': 1, 'AB': 0, 'BA': 0, 'BB': 1}};at=R
r1206	21	10999999	+	21	11000000	-	aid=r1206;cn={'2': {'AA': 1, 'AB': 0, 'BA': 0, 'BB': 1}};at=R
r1207	21	11049999	+	21	11050000	-	aid=r1207;cn={'2': {'AA': 1, 'AB': 0, 'BA': 0, 'BB': 1}};at=R
r1208	21	11099999	+	21	11100000	-	aid=r1208;cn={'2': {'AA': 1, 'AB': 0, 'BA': 0, 'BB': 1}};at=R
r1209	21	11149999	+	21	11150000	-	aid=r1209;cn={'2': {'AA': 1, 'AB': 0, 'BA': 0, 'BB': 1}};at=R
r1210	21	14449999	+	21	14450000	-	aid=r1210;cn={'2': {'AA': 1, 'AB': 0, 'BA': 0, 'BB': 1}};at=R
r1211	21	14499999	+	21	14500000	-	aid=r1211;cn={'2': {'AA': 1, 'AB': 0, 'BA': 0, 'BB': 1}};at=R
r1212	21	14549999	+	21	14550000	-	aid=r1212;cn={'2': {'AA': 1, 'AB': 0, 'BA': 0, 'BB': 1}};at=R
r1213	21	15099999	+	21	15100000	-	aid=r1213;cn={'2': {'AA': 1, 'AB': 0, 'BA': 0, 'BB': 1}};at=R
r1214	21	15299999	+	21	15300000	-	aid=r1214;cn={'2': {'AA': 1, 'AB': 0, 'BA': 0, 'BB': 1}};at=R
r1215	21	21499999	+	21	21500000	-	aid=r1215;cn={'2': {'AA': 1, 'AB': 0, 'BA': 0, 'BB': 1}};at=R
r1216	21	21549999	+	21	21550000	-	aid=r1216;cn={'2': {'AA': 1, 'AB': 0, 'BA': 0, 'BB': 1}};at=R
r1217	21	32099999	+	21	32100000	-	aid=r1217;cn={'2': {'AA': 1, 'AB': 0, 'BA': 0, 'BB': 1}};at=R
r1218	21	32149999	+	21	32150000	-	aid=r1218;cn={'2': {'AA': 1, 'AB': 0, 'BA': 0, 'BB': 1}};at=R
r1219	21	41699999	+	21	41700000	-	aid=r1219;cn={'2': {'AA': 1, 'AB': 0, 'BA': 0, 'BB': 1}};at=R
r1220	21	41749999	+	21	41750000	-	aid=r1220;cn={'2': {'AA': 1, 'AB': 0, 'BA': 0, 'BB': 1}};at=R
r1221	21	48099999	+	21	48100000	-	aid=r1221;cn={'2': {'AA': 1, 'AB': 0, 'BA': 0, 'BB': 1}};at=R
r1222	22	16249999	+	22	16250000	-	aid=r1222;cn={'2': {'AA': 1, 'AB': 0, 'BA': 0, 'BB': 1}};at=R
r1223	22	16299999	+	22	16300000	-	aid=r1223;cn={'2': {'AA': 1, 'AB': 0, 'BA': 0, 'BB': 1}};at=R
r1224	22	16449999	+	22	16450000	-	aid=r1224;cn={'2': {'AA': 1, 'AB': 0, 'BA': 0, 'BB': 1}};at=R
r1225	22	16849999	+	22	16850000	-	aid=r1225;cn={'2': {'AA': 1, 'AB': 0, 'BA': 0, 'BB': 1}};at=R
r1226	22	16949999	+	22	16950000	-	aid=r1226;cn={'2': {'AA': 1, 'AB': 0, 'BA': 0, 'BB': 1}};at=R
r1227	22	17349999	+	22	17350000	-	aid=r1227;cn={'2': {'AA': 1, 'AB': 0, 'BA': 0, 'BB': 1}};at=R
r1228	22	17399999	+	22	17400000	-	aid=r1228;cn={'2': {'AA': 1, 'AB': 0, 'BA': 0, 'BB': 1}};at=R
r1229	22	18649999	+	22	18650000	-	aid=r1229;cn={'2': {'AA': 1, 'AB': 0, 'BA': 0, 'BB': 1}};at=R
r1230	22	18799999	+	22	18800000	-	aid=r1230;cn={'2': {'AA': 1, 'AB': 0, 'BA': 0, 'BB': 1}};at=R
r1231	22	20299999	+	22	20300000	-	aid=r1231;cn={'2': {'AA': 1, 'AB': 0, 'BA': 0, 'BB': 1}};at=R
r1232	22	20349999	+	22	20350000	-	aid=r1232;cn={'2': {'AA': 1, 'AB': 0, 'BA': 0, 'BB': 1}};at=R
r1233	22	20474999	+	22	20475000	-	aid=r1233;cn={'2': {'AA': 1, 'AB': 0, 'BA': 0, 'BB': 1}};at=R
r1234	22	20574999	+	22	20575000	-	aid=r1234;cn={'2': {'AA': 1, 'AB': 0, 'BA': 0, 'BB': 1}};at=R
r1235	22	20699999	+	22	20700000	-	aid=r1235;cn={'2': {'AA': 1, 'AB': 0, 'BA': 0, 'BB': 1}};at=R
r1236	22	21499999	+	22	21500000	-	aid=r1236;cn={'2': {'AA': 1, 'AB': 0, 'BA': 0, 'BB': 1}};at=R
r1237	22	21549999	+	22	21550000	-	aid=r1237;cn={'2': {'AA': 1, 'AB': 0, 'BA': 0, 'BB': 1}};at=R
r1238	22	21599999	+	22	21600000	-	aid=r1238;cn={'2': {'AA': 1, 'AB': 0, 'BA': 0, 'BB': 1}};at=R
r1239	22	21749999	+	22	21750000	-	aid=r1239;cn={'2': {'AA': 1, 'AB': 0, 'BA': 0, 'BB': 1}};at=R
r1240	22	25049999	+	22	25050000	-	aid=r1240;cn={'2': {'AA': 1, 'AB': 0, 'BA': 0, 'BB': 1}};at=R
r1241	22	25099999	+	22	25100000	-	aid=r1241;cn={'2': {'AA': 1, 'AB': 0, 'BA': 0, 'BB': 1}};at=R
r1242	22	25949999	+	22	25950000	-	aid=r1242;cn={'2': {'AA': 1, 'AB': 0, 'BA': 0, 'BB': 1}};at=R
r1243	22	25999999	+	22	26000000	-	aid=r1243;cn={'2': {'AA': 1, 'AB': 0, 'BA': 0, 'BB': 1}};at=R
r1244	22	29065856	+	22	29065857	-	aid=r1244;cn={'2': {'AA': 1, 'AB': 0, 'BA': 0, 'BB': 1}};at=R
r1245	22	34351497	+	22	34351498	-	aid=r1245;cn={'2': {'AA': 1, 'AB': 0, 'BA': 0, 'BB': 1}};at=R
r1246	3	649999	+	3	650000	-	aid=r1246;cn={'2': {'AA': 1, 'AB': 0, 'BA': 0, 'BB': 1}};at=R
r1247	3	724999	+	3	725000	-	aid=r1247;cn={'2': {'AA': 1, 'AB': 0, 'BA': 0, 'BB': 1}};at=R
r1248	3	13799999	+	3	13800000	-	aid=r1248;cn={'2': {'AA': 1, 'AB': 0, 'BA': 0, 'BB': 1}};at=R
r1249	3	13849999	+	3	13850000	-	aid=r1249;cn={'2': {'AA': 1, 'AB': 0, 'BA': 0, 'BB': 1}};at=R
r1250	3	23349999	+	3	23350000	-	aid=r1250;cn={'2': {'AA': 1, 'AB': 0, 'BA': 0, 'BB': 1}};at=R
r1251	3	23399999	+	3	23400000	-	aid=r1251;cn={'2': {'AA': 1, 'AB': 0, 'BA': 0, 'BB': 1}};at=R
r1252	3	30074999	+	3	30075000	-	aid=r1252;cn={'2': {'AA': 1, 'AB': 0, 'BA': 0, 'BB': 1}};at=R
r1253	3	30174999	+	3	30175000	-	aid=r1253;cn={'2': {'AA': 1, 'AB': 0, 'BA': 0, 'BB': 1}};at=R
r1254	3	63174999	+	3	63175000	-	aid=r1254;cn={'2': {'AA': 1, 'AB': 0, 'BA': 0, 'BB': 1}};at=R
r1255	3	63249999	+	3	63250000	-	aid=r1255;cn={'2': {'AA': 1, 'AB': 0, 'BA': 0, 'BB': 1}};at=R
r1256	3	75674999	+	3	75675000	-	aid=r1256;cn={'2': {'AA': 1, 'AB': 0, 'BA': 0, 'BB': 1}};at=R
r1257	3	75799999	+	3	75800000	-	aid=r1257;cn={'2': {'AA': 1, 'AB': 0, 'BA': 0, 'BB': 1}};at=R
r1258	3	77491118	+	3	77491119	-	aid=r1258;cn={'2': {'AA': 1, 'AB': 0, 'BA': 0, 'BB': 0}};at=R
r1259	3	77499999	+	3	77500000	-	aid=r1259;cn={'2': {'AA': 1, 'AB': 0, 'BA': 0, 'BB': 0}};at=R
r1260	3	78146349	+	3	78146350	-	aid=r1260;cn={'2': {'AA': 1, 'AB': 0, 'BA': 0, 'BB': 0}};at=R
r1261	3	78149999	+	3	78150000	-	aid=r1261;cn={'2': {'AA': 1, 'AB': 0, 'BA': 0, 'BB': 1}};at=R
r1262	3	82299999	+	3	82300000	-	aid=r1262;cn={'2': {'AA': 1, 'AB': 0, 'BA': 0, 'BB': 1}};at=R
r1263	3	82349999	+	3	82350000	-	aid=r1263;cn={'2': {'AA': 1, 'AB': 0, 'BA': 0, 'BB': 1}};at=R
r1264	3	82799999	+	3	82800000	-	aid=r1264;cn={'2': {'AA': 1, 'AB': 0, 'BA': 0, 'BB': 1}};at=R
r1265	3	82807740	+	3	82807741	-	aid=r1265;cn={'2': {'AA': 1, 'AB': 0, 'BA': 0, 'BB': 0}};at=R
r1266	3	84528158	+	3	84528159	-	aid=r1266;cn={'2': {'AA': 1, 'AB': 0, 'BA': 0, 'BB': 0}};at=R
r1267	3	84549999	+	3	84550000	-	aid=r1267;cn={'2': {'AA': 1, 'AB': 0, 'BA': 0, 'BB': 1}};at=R
r1268	3	88199999	+	3	88200000	-	aid=r1268;cn={'2': {'AA': 1, 'AB': 0, 'BA': 0, 'BB': 1}};at=R
r1269	3	88249999	+	3	88250000	-	aid=r1269;cn={'2': {'AA': 1, 'AB': 0, 'BA': 0, 'BB': 1}};at=R
r1270	3	89649999	+	3	89650000	-	aid=r1270;cn={'2': {'AA': 1, 'AB': 0, 'BA': 0, 'BB': 1}};at=R
r1271	3	89699999	+	3	89700000	-	aid=r1271;cn={'2': {'AA': 1, 'AB': 0, 'BA': 0, 'BB': 1}};at=R
r1272	3	97249999	+	3	97250000	-	aid=r1272;cn={'2': {'AA': 1, 'AB': 0, 'BA': 0, 'BB': 1}};at=R
r1273	3	97283671	+	3	97283672	-	aid=r1273;cn={'2': {'AA': 1, 'AB': 0, 'BA': 0, 'BB': 1}};at=R
r1274	3	98154359	+	3	98154360	-	aid=r1274;cn={'2': {'AA': 1, 'AB': 0, 'BA': 0, 'BB': 1}};at=R
r1275	3	98224498	+	3	98224499	-	aid=r1275;cn={'2': {'AA': 1, 'AB': 0, 'BA': 0, 'BB': 1}};at=R
r1276	3	98229362	+	3	98229363	-	aid=r1276;cn={'2': {'AA': 1, 'AB': 0, 'BA': 0, 'BB': 2}};at=R
r1277	3	98229474	+	3	98229475	-	aid=r1277;cn={'2': {'AA': 1, 'AB': 0, 'BA': 0, 'BB': 2}};at=R
r1278	3	98236914	+	3	98236915	-	aid=r1278;cn={'2': {'AA': 1, 'AB': 0, 'BA': 0, 'BB': 2}};at=R
r1279	3	98249999	+	3	98250000	-	aid=r1279;cn={'2': {'AA': 1, 'AB': 0, 'BA': 0, 'BB': 2}};at=R
r1280	3	98257334	+	3	98257335	-	aid=r1280;cn={'2': {'AA': 1, 'AB': 0, 'BA': 0, 'BB': 2}};at=R
r1281	3	113949351	+	3	113949352	-	aid=r1281;cn={'2': {'AA': 1, 'AB': 0, 'BA': 0, 'BB': 2}};at=R
r1282	3	113971078	+	3	113971079	-	aid=r1282;cn={'2': {'AA': 1, 'AB': 0, 'BA': 0, 'BB': 3}};at=R
r1283	3	113971184	+	3	113971185	-	aid=r1283;cn={'2': {'AA': 0, 'AB': 0, 'BA': 0, 'BB': 4}};at=R
r1284	3	113974248	+	3	113974249	-	aid=r1284;cn={'2': {'AA': 1, 'AB': 0, 'BA': 0, 'BB': 2}};at=R
r1285	3	113999999	+	3	114000000	-	aid=r1285;cn={'2': {'AA': 1, 'AB': 0, 'BA': 0, 'BB': 2}};at=R
r1286	3	114499999	+	3	114500000	-	aid=r1286;cn={'2': {'AA': 1, 'AB': 0, 'BA': 0, 'BB': 2}};at=R
r1287	3	114549999	+	3	114550000	-	aid=r1287;cn={'2': {'AA': 1, 'AB': 0, 'BA': 0, 'BB': 2}};at=R
r1288	3	114949999	+	3	114950000	-	aid=r1288;cn={'2': {'AA': 1, 'AB': 0, 'BA': 0, 'BB': 2}};at=R
r1289	3	114999999	+	3	115000000	-	aid=r1289;cn={'2': {'AA': 1, 'AB': 0, 'BA': 0, 'BB': 2}};at=R
r1290	3	115554013	+	3	115554014	-	aid=r1290;cn={'2': {'AA': 1, 'AB': 0, 'BA': 0, 'BB': 1}};at=R
r1291	3	115557413	+	3	115557414	-	aid=r1291;cn={'2': {'AA': 1, 'AB': 0, 'BA': 0, 'BB': 1}};at=R
r1292	3	118199999	+	3	118200000	-	aid=r1292;cn={'2': {'AA': 1, 'AB': 0, 'BA': 0, 'BB': 2}};at=R
r1293	3	118249999	+	3	118250000	-	aid=r1293;cn={'2': {'AA': 1, 'AB': 0, 'BA': 0, 'BB': 2}};at=R
r1294	3	118299999	+	3	118300000	-	aid=r1294;cn={'2': {'AA': 1, 'AB': 0, 'BA': 0, 'BB': 2}};at=R
r1295	3	118349999	+	3	118350000	-	aid=r1295;cn={'2': {'AA': 1, 'AB': 0, 'BA': 0, 'BB': 2}};at=R
r1296	3	120249999	+	3	120250000	-	aid=r1296;cn={'2': {'AA': 1, 'AB': 0, 'BA': 0, 'BB': 2}};at=R
r1297	3	120324999	+	3	120325000	-	aid=r1297;cn={'2': {'AA': 1, 'AB': 0, 'BA': 0, 'BB': 2}};at=R
r1298	3	123149999	+	3	123150000	-	aid=r1298;cn={'2': {'AA': 1, 'AB': 0, 'BA': 0, 'BB': 2}};at=R
r1299	3	123199999	+	3	123200000	-	aid=r1299;cn={'2': {'AA': 1, 'AB': 0, 'BA': 0, 'BB': 2}};at=R
r1300	3	127999999	+	3	128000000	-	aid=r1300;cn={'2': {'AA': 1, 'AB': 0, 'BA': 0, 'BB': 2}};at=R
r1301	3	128049999	+	3	128050000	-	aid=r1301;cn={'2': {'AA': 1, 'AB': 0, 'BA': 0, 'BB': 2}};at=R
r1302	3	129099999	+	3	129100000	-	aid=r1302;cn={'2': {'AA': 1, 'AB': 0, 'BA': 0, 'BB': 2}};at=R
r1303	3	129149999	+	3	129150000	-	aid=r1303;cn={'2': {'AA': 1, 'AB': 0, 'BA': 0, 'BB': 2}};at=R
r1304	3	129399999	+	3	129400000	-	aid=r1304;cn={'2': {'AA': 1, 'AB': 0, 'BA': 0, 'BB': 2}};at=R
r1305	3	129449999	+	3	129450000	-	aid=r1305;cn={'2': {'AA': 1, 'AB': 0, 'BA': 0, 'BB': 2}};at=R
r1306	3	129649999	+	3	129650000	-	aid=r1306;cn={'2': {'AA': 1, 'AB': 0, 'BA': 0, 'BB': 2}};at=R
r1307	3	129749999	+	3	129750000	-	aid=r1307;cn={'2': {'AA': 1, 'AB': 0, 'BA': 0, 'BB': 2}};at=R
r1308	3	130199999	+	3	130200000	-	aid=r1308;cn={'2': {'AA': 1, 'AB': 0, 'BA': 0, 'BB': 2}};at=R
r1309	3	130249999	+	3	130250000	-	aid=r1309;cn={'2': {'AA': 1, 'AB': 0, 'BA': 0, 'BB': 2}};at=R
r1310	3	130399999	+	3	130400000	-	aid=r1310;cn={'2': {'AA': 1, 'AB': 0, 'BA': 0, 'BB': 2}};at=R
r1311	3	130449999	+	3	130450000	-	aid=r1311;cn={'2': {'AA': 1, 'AB': 0, 'BA': 0, 'BB': 2}};at=R
r1312	3	132399999	+	3	132400000	-	aid=r1312;cn={'2': {'AA': 1, 'AB': 0, 'BA': 0, 'BB': 2}};at=R
r1313	3	132449999	+	3	132450000	-	aid=r1313;cn={'2': {'AA': 1, 'AB': 0, 'BA': 0, 'BB': 2}};at=R
r1314	3	132599999	+	3	132600000	-	aid=r1314;cn={'2': {'AA': 1, 'AB': 0, 'BA': 0, 'BB': 2}};at=R
r1315	3	132699999	+	3	132700000	-	aid=r1315;cn={'2': {'AA': 1, 'AB': 0, 'BA': 0, 'BB': 2}};at=R
r1316	3	133649999	+	3	133650000	-	aid=r1316;cn={'2': {'AA': 1, 'AB': 0, 'BA': 0, 'BB': 2}};at=R
r1317	3	133699999	+	3	133700000	-	aid=r1317;cn={'2': {'AA': 1, 'AB': 0, 'BA': 0, 'BB': 2}};at=R
r1318	3	136949999	+	3	136950000	-	aid=r1318;cn={'2': {'AA': 1, 'AB': 0, 'BA': 0, 'BB': 2}};at=R
r1319	3	136999999	+	3	137000000	-	aid=r1319;cn={'2': {'AA': 1, 'AB': 0, 'BA': 0, 'BB': 2}};at=R
r1320	3	137099999	+	3	137100000	-	aid=r1320;cn={'2': {'AA': 1, 'AB': 0, 'BA': 0, 'BB': 2}};at=R
r1321	3	137174999	+	3	137175000	-	aid=r1321;cn={'2': {'AA': 1, 'AB': 0, 'BA': 0, 'BB': 2}};at=R
r1322	3	137849999	+	3	137850000	-	aid=r1322;cn={'2': {'AA': 1, 'AB': 0, 'BA': 0, 'BB': 2}};at=R
r1323	3	137899999	+	3	137900000	-	aid=r1323;cn={'2': {'AA': 1, 'AB': 0, 'BA': 0, 'BB': 2}};at=R
r1324	3	137949999	+	3	137950000	-	aid=r1324;cn={'2': {'AA': 1, 'AB': 0, 'BA': 0, 'BB': 2}};at=R
r1325	3	138049999	+	3	138050000	-	aid=r1325;cn={'2': {'AA': 1, 'AB': 0, 'BA': 0, 'BB': 2}};at=R
r1326	3	140299999	+	3	140300000	-	aid=r1326;cn={'2': {'AA': 1, 'AB': 0, 'BA': 0, 'BB': 2}};at=R
r1327	3	140349999	+	3	140350000	-	aid=r1327;cn={'2': {'AA': 1, 'AB': 0, 'BA': 0, 'BB': 2}};at=R
r1328	3	144199999	+	3	144200000	-	aid=r1328;cn={'2': {'AA': 1, 'AB': 0, 'BA': 0, 'BB': 2}};at=R
r1329	3	144399999	+	3	144400000	-	aid=r1329;cn={'2': {'AA': 1, 'AB': 0, 'BA': 0, 'BB': 2}};at=R
r1330	3	147099999	+	3	147100000	-	aid=r1330;cn={'2': {'AA': 1, 'AB': 0, 'BA': 0, 'BB': 2}};at=R
r1331	3	147149999	+	3	147150000	-	aid=r1331;cn={'2': {'AA': 1, 'AB': 0, 'BA': 0, 'BB': 2}};at=R
r1332	3	148899999	+	3	148900000	-	aid=r1332;cn={'2': {'AA': 1, 'AB': 0, 'BA': 0, 'BB': 2}};at=R
r1333	3	148949999	+	3	148950000	-	aid=r1333;cn={'2': {'AA': 1, 'AB': 0, 'BA': 0, 'BB': 2}};at=R
r1334	3	150749999	+	3	150750000	-	aid=r1334;cn={'2': {'AA': 1, 'AB': 0, 'BA': 0, 'BB': 2}};at=R
r1335	3	150844067	+	3	150844068	-	aid=r1335;cn={'2': {'AA': 1, 'AB': 0, 'BA': 0, 'BB': 2}};at=R
r1336	3	150876856	+	3	150876857	-	aid=r1336;cn={'2': {'AA': 0, 'AB': 0, 'BA': 0, 'BB': 3}};at=R
r1337	3	155431162	+	3	155431163	-	aid=r1337;cn={'2': {'AA': 1, 'AB': 0, 'BA': 0, 'BB': 1}};at=R
r1338	3	155432266	+	3	155432267	-	aid=r1338;cn={'2': {'AA': 1, 'AB': 0, 'BA': 0, 'BB': 2}};at=R
r1339	3	155435085	+	3	155435086	-	aid=r1339;cn={'2': {'AA': 0, 'AB': 0, 'BA': 0, 'BB': 3}};at=R
r1340	3	155437041	+	3	155437042	-	aid=r1340;cn={'2': {'AA': 0, 'AB': 0, 'BA': 0, 'BB': 3}};at=R
r1341	3	155498000	+	3	155498001	-	aid=r1341;cn={'2': {'AA': 1, 'AB': 0, 'BA': 0, 'BB': 2}};at=R
r1342	3	155499999	+	3	155500000	-	aid=r1342;cn={'2': {'AA': 1, 'AB': 0, 'BA': 0, 'BB': 2}};at=R
r1343	3	155759891	+	3	155759892	-	aid=r1343;cn={'2': {'AA': 1, 'AB': 0, 'BA': 0, 'BB': 2}};at=R
r1344	3	155762547	+	3	155762548	-	aid=r1344;cn={'2': {'AA': 0, 'AB': 0, 'BA': 0, 'BB': 3}};at=R
r1345	3	155765323	+	3	155765324	-	aid=r1345;cn={'2': {'AA': 1, 'AB': 0, 'BA': 0, 'BB': 2}};at=R
r1346	3	155795944	+	3	155795945	-	aid=r1346;cn={'2': {'AA': 1, 'AB': 0, 'BA': 0, 'BB': 2}};at=R
r1347	3	155796112	+	3	155796113	-	aid=r1347;cn={'2': {'AA': 1, 'AB': 0, 'BA': 0, 'BB': 2}};at=R
r1348	3	155799999	+	3	155800000	-	aid=r1348;cn={'2': {'AA': 1, 'AB': 0, 'BA': 0, 'BB': 2}};at=R
r1349	3	155811053	+	3	155811054	-	aid=r1349;cn={'2': {'AA': 1, 'AB': 0, 'BA': 0, 'BB': 2}};at=R
r1350	3	155812868	+	3	155812869	-	aid=r1350;cn={'2': {'AA': 1, 'AB': 0, 'BA': 0, 'BB': 2}};at=R
r1351	3	155817647	+	3	155817648	-	aid=r1351;cn={'2': {'AA': 0, 'AB': 0, 'BA': 0, 'BB': 3}};at=R
r1352	3	156190743	+	3	156190744	-	aid=r1352;cn={'2': {'AA': 1, 'AB': 0, 'BA': 0, 'BB': 2}};at=R
r1353	3	156197023	+	3	156197024	-	aid=r1353;cn={'2': {'AA': 1, 'AB': 0, 'BA': 0, 'BB': 2}};at=R
r1354	3	156197205	+	3	156197206	-	aid=r1354;cn={'2': {'AA': 0, 'AB': 0, 'BA': 0, 'BB': 3}};at=R
r1355	3	156249999	+	3	156250000	-	aid=r1355;cn={'2': {'AA': 1, 'AB': 0, 'BA': 0, 'BB': 3}};at=R
r1356	3	156260879	+	3	156260880	-	aid=r1356;cn={'2': {'AA': 1, 'AB': 0, 'BA': 0, 'BB': 2}};at=R
r1357	3	156267542	+	3	156267543	-	aid=r1357;cn={'2': {'AA': 1, 'AB': 0, 'BA': 0, 'BB': 2}};at=R
r1358	3	156949999	+	3	156950000	-	aid=r1358;cn={'2': {'AA': 1, 'AB': 0, 'BA': 0, 'BB': 2}};at=R
r1359	3	156999999	+	3	157000000	-	aid=r1359;cn={'2': {'AA': 1, 'AB': 0, 'BA': 0, 'BB': 2}};at=R
r1360	3	157449999	+	3	157450000	-	aid=r1360;cn={'2': {'AA': 1, 'AB': 0, 'BA': 0, 'BB': 2}};at=R
r1361	3	157549999	+	3	157550000	-	aid=r1361;cn={'2': {'AA': 1, 'AB': 0, 'BA': 0, 'BB': 2}};at=R
r1362	3	160296027	+	3	160296028	-	aid=r1362;cn={'2': {'AA': 1, 'AB': 0, 'BA': 0, 'BB': 2}};at=R
r1363	3	160299611	+	3	160299612	-	aid=r1363;cn={'2': {'AA': 1, 'AB': 0, 'BA': 0, 'BB': 2}};at=R
r1364	3	160349999	+	3	160350000	-	aid=r1364;cn={'2': {'AA': 1, 'AB': 0, 'BA': 0, 'BB': 2}};at=R
r1365	3	160358316	+	3	160358317	-	aid=r1365;cn={'2': {'AA': 1, 'AB': 0, 'BA': 0, 'BB': 2}};at=R
r1366	3	160499999	+	3	160500000	-	aid=r1366;cn={'2': {'AA': 1, 'AB': 0, 'BA': 0, 'BB': 3}};at=R
r1367	3	160502954	+	3	160502955	-	aid=r1367;cn={'2': {'AA': 1, 'AB': 0, 'BA': 0, 'BB': 2}};at=R
r1368	3	160503482	+	3	160503483	-	aid=r1368;cn={'2': {'AA': 1, 'AB': 0, 'BA': 0, 'BB': 2}};at=R
r1369	3	161685469	+	3	161685470	-	aid=r1369;cn={'2': {'AA': 1, 'AB': 0, 'BA': 0, 'BB': 2}};at=R
r1370	3	161699999	+	3	161700000	-	aid=r1370;cn={'2': {'AA': 1, 'AB': 0, 'BA': 0, 'BB': 3}};at=R
r1371	3	167491693	+	3	167491694	-	aid=r1371;cn={'2': {'AA': 0, 'AB': 0, 'BA': 0, 'BB': 3}};at=R
r1372	3	167492250	+	3	167492251	-	aid=r1372;cn={'2': {'AA': 0, 'AB': 0, 'BA': 0, 'BB': 3}};at=R
r1373	3	173463107	+	3	173463108	-	aid=r1373;cn={'2': {'AA': 0, 'AB': 0, 'BA': 0, 'BB': 3}};at=R
r1374	3	173506159	+	3	173506160	-	aid=r1374;cn={'2': {'AA': 1, 'AB': 0, 'BA': 0, 'BB': 2}};at=R
r1375	3	173919340	+	3	173919341	-	aid=r1375;cn={'2': {'AA': 1, 'AB': 0, 'BA': 0, 'BB': 2}};at=R
r1376	3	173934123	+	3	173934124	-	aid=r1376;cn={'2': {'AA': 1, 'AB': 0, 'BA': 0, 'BB': 2}};at=R
r1377	3	180990982	+	3	180990983	-	aid=r1377;cn={'2': {'AA': 1, 'AB': 0, 'BA': 0, 'BB': 1}};at=R
r1378	3	180999999	+	3	181000000	-	aid=r1378;cn={'2': {'AA': 1, 'AB': 0, 'BA': 0, 'BB': 1}};at=R
r1379	3	181299999	+	3	181300000	-	aid=r1379;cn={'2': {'AA': 1, 'AB': 0, 'BA': 0, 'BB': 1}};at=R
r1380	3	181305969	+	3	181305970	-	aid=r1380;cn={'2': {'AA': 1, 'AB': 0, 'BA': 0, 'BB': 1}};at=R
r1381	3	183849999	+	3	183850000	-	aid=r1381;cn={'2': {'AA': 1, 'AB': 0, 'BA': 0, 'BB': 3}};at=R
r1382	3	183899999	+	3	183900000	-	aid=r1382;cn={'2': {'AA': 1, 'AB': 0, 'BA': 0, 'BB': 3}};at=R
r1383	3	184049999	+	3	184050000	-	aid=r1383;cn={'2': {'AA': 1, 'AB': 0, 'BA': 0, 'BB': 3}};at=R
r1384	3	184099999	+	3	184100000	-	aid=r1384;cn={'2': {'AA': 1, 'AB': 0, 'BA': 0, 'BB': 3}};at=R
r1385	3	185224999	+	3	185225000	-	aid=r1385;cn={'2': {'AA': 1, 'AB': 0, 'BA': 0, 'BB': 3}};at=R
r1386	3	185349999	+	3	185350000	-	aid=r1386;cn={'2': {'AA': 1, 'AB': 0, 'BA': 0, 'BB': 3}};at=R
r1387	3	195349999	+	3	195350000	-	aid=r1387;cn={'2': {'AA': 1, 'AB': 0, 'BA': 0, 'BB': 3}};at=R
r1388	3	195499999	+	3	195500000	-	aid=r1388;cn={'2': {'AA': 1, 'AB': 0, 'BA': 0, 'BB': 3}};at=R
r1389	3	195599999	+	3	195600000	-	aid=r1389;cn={'2': {'AA': 1, 'AB': 0, 'BA': 0, 'BB': 3}};at=R
r1390	3	195649999	+	3	195650000	-	aid=r1390;cn={'2': {'AA': 1, 'AB': 0, 'BA': 0, 'BB': 3}};at=R
r1391	3	195799999	+	3	195800000	-	aid=r1391;cn={'2': {'AA': 1, 'AB': 0, 'BA': 0, 'BB': 3}};at=R
r1392	3	195849999	+	3	195850000	-	aid=r1392;cn={'2': {'AA': 1, 'AB': 0, 'BA': 0, 'BB': 3}};at=R
r1393	3	196549999	+	3	196550000	-	aid=r1393;cn={'2': {'AA': 1, 'AB': 0, 'BA': 0, 'BB': 3}};at=R
r1394	3	196599999	+	3	196600000	-	aid=r1394;cn={'2': {'AA': 1, 'AB': 0, 'BA': 0, 'BB': 3}};at=R
r1395	3	196749999	+	3	196750000	-	aid=r1395;cn={'2': {'AA': 1, 'AB': 0, 'BA': 0, 'BB': 3}};at=R
r1396	3	196799999	+	3	196800000	-	aid=r1396;cn={'2': {'AA': 1, 'AB': 0, 'BA': 0, 'BB': 3}};at=R
r1397	3	196949999	+	3	196950000	-	aid=r1397;cn={'2': {'AA': 1, 'AB': 0, 'BA': 0, 'BB': 3}};at=R
r1398	3	196999999	+	3	197000000	-	aid=r1398;cn={'2': {'AA': 1, 'AB': 0, 'BA': 0, 'BB': 3}};at=R
r1399	3	197449999	+	3	197450000	-	aid=r1399;cn={'2': {'AA': 1, 'AB': 0, 'BA': 0, 'BB': 3}};at=R
r1400	3	197499999	+	3	197500000	-	aid=r1400;cn={'2': {'AA': 1, 'AB': 0, 'BA': 0, 'BB': 3}};at=R
r1401	3	197649999	+	3	197650000	-	aid=r1401;cn={'2': {'AA': 1, 'AB': 0, 'BA': 0, 'BB': 3}};at=R
r1402	3	197699999	+	3	197700000	-	aid=r1402;cn={'2': {'AA': 1, 'AB': 0, 'BA': 0, 'BB': 3}};at=R
r1403	4	49999	+	4	50000	-	aid=r1403;cn={'2': {'AA': 1, 'AB': 0, 'BA': 0, 'BB': 1}};at=R
r1404	4	1399999	+	4	1400000	-	aid=r1404;cn={'2': {'AA': 1, 'AB': 0, 'BA': 0, 'BB': 1}};at=R
r1405	4	1449999	+	4	1450000	-	aid=r1405;cn={'2': {'AA': 1, 'AB': 0, 'BA': 0, 'BB': 1}};at=R
r1406	4	3549999	+	4	3550000	-	aid=r1406;cn={'2': {'AA': 1, 'AB': 0, 'BA': 0, 'BB': 1}};at=R
r1407	4	3599999	+	4	3600000	-	aid=r1407;cn={'2': {'AA': 1, 'AB': 0, 'BA': 0, 'BB': 1}};at=R
r1408	4	8949999	+	4	8950000	-	aid=r1408;cn={'2': {'AA': 1, 'AB': 0, 'BA': 0, 'BB': 1}};at=R
r1409	4	9074999	+	4	9075000	-	aid=r1409;cn={'2': {'AA': 1, 'AB': 0, 'BA': 0, 'BB': 1}};at=R
r1410	4	9174999	+	4	9175000	-	aid=r1410;cn={'2': {'AA': 1, 'AB': 0, 'BA': 0, 'BB': 1}};at=R
r1411	4	9424999	+	4	9425000	-	aid=r1411;cn={'2': {'AA': 1, 'AB': 0, 'BA': 0, 'BB': 1}};at=R
r1412	4	9549999	+	4	9550000	-	aid=r1412;cn={'2': {'AA': 1, 'AB': 0, 'BA': 0, 'BB': 1}};at=R
r1413	4	9599999	+	4	9600000	-	aid=r1413;cn={'2': {'AA': 1, 'AB': 0, 'BA': 0, 'BB': 1}};at=R
r1414	4	10199999	+	4	10200000	-	aid=r1414;cn={'2': {'AA': 1, 'AB': 0, 'BA': 0, 'BB': 1}};at=R
r1415	4	10299999	+	4	10300000	-	aid=r1415;cn={'2': {'AA': 1, 'AB': 0, 'BA': 0, 'BB': 1}};at=R
r1416	4	14449999	+	4	14450000	-	aid=r1416;cn={'2': {'AA': 1, 'AB': 0, 'BA': 0, 'BB': 1}};at=R
r1417	4	14499999	+	4	14500000	-	aid=r1417;cn={'2': {'AA': 1, 'AB': 0, 'BA': 0, 'BB': 1}};at=R
r1418	4	21118576	+	4	21118577	-	aid=r1418;cn={'2': {'AA': 0, 'AB': 0, 'BA': 0, 'BB': 1}};at=R
r1419	4	25799999	+	4	25800000	-	aid=r1419;cn={'2': {'AA': 1, 'AB': 0, 'BA': 0, 'BB': 1}};at=R
r1420	4	25849999	+	4	25850000	-	aid=r1420;cn={'2': {'AA': 1, 'AB': 0, 'BA': 0, 'BB': 1}};at=R
r1421	4	25999999	+	4	26000000	-	aid=r1421;cn={'2': {'AA': 1, 'AB': 0, 'BA': 0, 'BB': 1}};at=R
r1422	4	26049999	+	4	26050000	-	aid=r1422;cn={'2': {'AA': 1, 'AB': 0, 'BA': 0, 'BB': 1}};at=R
r1423	4	26649999	+	4	26650000	-	aid=r1423;cn={'2': {'AA': 1, 'AB': 0, 'BA': 0, 'BB': 1}};at=R
r1424	4	26651995	+	4	26651996	-	aid=r1424;cn={'2': {'AA': 0, 'AB': 0, 'BA': 0, 'BB': 1}};at=R
r1425	4	30199999	+	4	30200000	-	aid=r1425;cn={'2': {'AA': 0, 'AB': 0, 'BA': 0, 'BB': 1}};at=R
r1426	4	30213852	+	4	30213853	-	aid=r1426;cn={'2': {'AA': 0, 'AB': 0, 'BA': 0, 'BB': 1}};at=R
r1427	4	31574999	+	4	31575000	-	aid=r1427;cn={'2': {'AA': 1, 'AB': 0, 'BA': 0, 'BB': 1}};at=R
r1428	4	31649999	+	4	31650000	-	aid=r1428;cn={'2': {'AA': 1, 'AB': 0, 'BA': 0, 'BB': 1}};at=R
r1429	4	33274999	+	4	33275000	-	aid=r1429;cn={'2': {'AA': 1, 'AB': 0, 'BA': 0, 'BB': 1}};at=R
r1430	4	33349999	+	4	33350000	-	aid=r1430;cn={'2': {'AA': 1, 'AB': 0, 'BA': 0, 'BB': 1}};at=R
r1431	4	43774999	+	4	43775000	-	aid=r1431;cn={'2': {'AA': 1, 'AB': 0, 'BA': 0, 'BB': 1}};at=R
r1432	4	43874999	+	4	43875000	-	aid=r1432;cn={'2': {'AA': 1, 'AB': 0, 'BA': 0, 'BB': 1}};at=R
r1433	4	45549999	+	4	45550000	-	aid=r1433;cn={'2': {'AA': 1, 'AB': 0, 'BA': 0, 'BB': 1}};at=R
r1434	4	45599999	+	4	45600000	-	aid=r1434;cn={'2': {'AA': 1, 'AB': 0, 'BA': 0, 'BB': 1}};at=R
r1435	4	49099999	+	4	49100000	-	aid=r1435;cn={'2': {'AA': 1, 'AB': 0, 'BA': 0, 'BB': 1}};at=R
r1436	4	49149999	+	4	49150000	-	aid=r1436;cn={'2': {'AA': 1, 'AB': 0, 'BA': 0, 'BB': 1}};at=R
r1437	4	49399999	+	4	49400000	-	aid=r1437;cn={'2': {'AA': 1, 'AB': 0, 'BA': 0, 'BB': 1}};at=R
r1438	4	51174999	+	4	51175000	-	aid=r1438;cn={'2': {'AA': 1, 'AB': 0, 'BA': 0, 'BB': 1}};at=R
r1439	4	60199999	+	4	60200000	-	aid=r1439;cn={'2': {'AA': 1, 'AB': 0, 'BA': 0, 'BB': 1}};at=R
r1440	4	60227396	+	4	60227397	-	aid=r1440;cn={'2': {'AA': 1, 'AB': 0, 'BA': 0, 'BB': 0}};at=R
r1441	4	60249999	+	4	60250000	-	aid=r1441;cn={'2': {'AA': 1, 'AB': 0, 'BA': 0, 'BB': 0}};at=R
r1442	4	60744256	+	4	60744257	-	aid=r1442;cn={'2': {'AA': 1, 'AB': 0, 'BA': 0, 'BB': 0}};at=R
r1443	4	60749999	+	4	60750000	-	aid=r1443;cn={'2': {'AA': 1, 'AB': 0, 'BA': 0, 'BB': 1}};at=R
r1444	4	61517213	+	4	61517214	-	aid=r1444;cn={'2': {'AA': 1, 'AB': 0, 'BA': 0, 'BB': 0}};at=R
r1445	4	61520620	+	4	61520621	-	aid=r1445;cn={'2': {'AA': 1, 'AB': 0, 'BA': 0, 'BB': 0}};at=R
r1446	4	62049999	+	4	62050000	-	aid=r1446;cn={'2': {'AA': 1, 'AB': 0, 'BA': 0, 'BB': 1}};at=R
r1447	4	62077355	+	4	62077356	-	aid=r1447;cn={'2': {'AA': 0, 'AB': 0, 'BA': 0, 'BB': 1}};at=R
r1448	4	62099999	+	4	62100000	-	aid=r1448;cn={'2': {'AA': 0, 'AB': 0, 'BA': 0, 'BB': 1}};at=R
r1449	4	63441720	+	4	63441721	-	aid=r1449;cn={'2': {'AA': 0, 'AB': 0, 'BA': 0, 'BB': 1}};at=R
r1450	4	63449999	+	4	63450000	-	aid=r1450;cn={'2': {'AA': 1, 'AB': 0, 'BA': 0, 'BB': 1}};at=R
r1451	4	65849999	+	4	65850000	-	aid=r1451;cn={'2': {'AA': 1, 'AB': 0, 'BA': 0, 'BB': 1}};at=R
r1452	4	65878286	+	4	65878287	-	aid=r1452;cn={'2': {'AA': 0, 'AB': 0, 'BA': 0, 'BB': 1}};at=R
r1453	4	65899999	+	4	65900000	-	aid=r1453;cn={'2': {'AA': 0, 'AB': 0, 'BA': 0, 'BB': 1}};at=R
r1454	4	65915375	+	4	65915376	-	aid=r1454;cn={'2': {'AA': 0, 'AB': 0, 'BA': 0, 'BB': 1}};at=R
r1455	4	66274999	+	4	66275000	-	aid=r1455;cn={'2': {'AA': 1, 'AB': 0, 'BA': 0, 'BB': 1}};at=R
r1456	4	66424999	+	4	66425000	-	aid=r1456;cn={'2': {'AA': 1, 'AB': 0, 'BA': 0, 'BB': 1}};at=R
r1457	4	67949999	+	4	67950000	-	aid=r1457;cn={'2': {'AA': 1, 'AB': 0, 'BA': 0, 'BB': 1}};at=R
r1458	4	67961150	+	4	67961151	-	aid=r1458;cn={'2': {'AA': 1, 'AB': 0, 'BA': 0, 'BB': 0}};at=R
r1459	4	67984841	+	4	67984842	-	aid=r1459;cn={'2': {'AA': 1, 'AB': 0, 'BA': 0, 'BB': 0}};at=R
r1460	4	67999999	+	4	68000000	-	aid=r1460;cn={'2': {'AA': 1, 'AB': 0, 'BA': 0, 'BB': 1}};at=R
r1461	4	70049999	+	4	70050000	-	aid=r1461;cn={'2': {'AA': 1, 'AB': 0, 'BA': 0, 'BB': 1}};at=R
r1462	4	70199999	+	4	70200000	-	aid=r1462;cn={'2': {'AA': 1, 'AB': 0, 'BA': 0, 'BB': 1}};at=R
r1463	4	73599999	+	4	73600000	-	aid=r1463;cn={'2': {'AA': 1, 'AB': 0, 'BA': 0, 'BB': 1}};at=R
r1464	4	73649999	+	4	73650000	-	aid=r1464;cn={'2': {'AA': 1, 'AB': 0, 'BA': 0, 'BB': 1}};at=R
r1465	4	75424999	+	4	75425000	-	aid=r1465;cn={'2': {'AA': 1, 'AB': 0, 'BA': 0, 'BB': 1}};at=R
r1466	4	75499999	+	4	75500000	-	aid=r1466;cn={'2': {'AA': 1, 'AB': 0, 'BA': 0, 'BB': 1}};at=R
r1467	4	84649999	+	4	84650000	-	aid=r1467;cn={'2': {'AA': 1, 'AB': 0, 'BA': 0, 'BB': 1}};at=R
r1468	4	84699999	+	4	84700000	-	aid=r1468;cn={'2': {'AA': 1, 'AB': 0, 'BA': 0, 'BB': 1}};at=R
r1469	4	93499999	+	4	93500000	-	aid=r1469;cn={'2': {'AA': 1, 'AB': 0, 'BA': 0, 'BB': 1}};at=R
r1470	4	93506164	+	4	93506165	-	aid=r1470;cn={'2': {'AA': 1, 'AB': 0, 'BA': 0, 'BB': 0}};at=R
r1471	4	95485213	+	4	95485214	-	aid=r1471;cn={'2': {'AA': 1, 'AB': 0, 'BA': 0, 'BB': 0}};at=R
r1472	4	95499999	+	4	95500000	-	aid=r1472;cn={'2': {'AA': 1, 'AB': 0, 'BA': 0, 'BB': 1}};at=R
r1473	4	102549999	+	4	102550000	-	aid=r1473;cn={'2': {'AA': 1, 'AB': 0, 'BA': 0, 'BB': 1}};at=R
r1474	4	102585697	+	4	102585698	-	aid=r1474;cn={'2': {'AA': 0, 'AB': 0, 'BA': 0, 'BB': 1}};at=R
r1475	4	102599999	+	4	102600000	-	aid=r1475;cn={'2': {'AA': 0, 'AB': 0, 'BA': 0, 'BB': 1}};at=R
r1476	4	102651738	+	4	102651739	-	aid=r1476;cn={'2': {'AA': 0, 'AB': 0, 'BA': 0, 'BB': 1}};at=R
r1477	4	102667528	+	4	102667529	-	aid=r1477;cn={'2': {'AA': 0, 'AB': 0, 'BA': 0, 'BB': 0}};at=R
r1478	4	102699999	+	4	102700000	-	aid=r1478;cn={'2': {'AA': 0, 'AB': 0, 'BA': 0, 'BB': 0}};at=R
r1479	4	102704549	+	4	102704550	-	aid=r1479;cn={'2': {'AA': 0, 'AB': 0, 'BA': 0, 'BB': 0}};at=R
r1480	4	102949999	+	4	102950000	-	aid=r1480;cn={'2': {'AA': 1, 'AB': 0, 'BA': 0, 'BB': 0}};at=R
r1481	4	103499999	+	4	103500000	-	aid=r1481;cn={'2': {'AA': 1, 'AB': 0, 'BA': 0, 'BB': 0}};at=R
r1482	4	103505223	+	4	103505224	-	aid=r1482;cn={'2': {'AA': 1, 'AB': 0, 'BA': 0, 'BB': 0}};at=R
r1483	4	103639784	+	4	103639785	-	aid=r1483;cn={'2': {'AA': 0, 'AB': 0, 'BA': 0, 'BB': 1}};at=R
r1484	4	103649999	+	4	103650000	-	aid=r1484;cn={'2': {'AA': 0, 'AB': 0, 'BA': 0, 'BB': 1}};at=R
r1485	4	103679494	+	4	103679495	-	aid=r1485;cn={'2': {'AA': 0, 'AB': 0, 'BA': 0, 'BB': 1}};at=R
r1486	4	103699999	+	4	103700000	-	aid=r1486;cn={'2': {'AA': 1, 'AB': 0, 'BA': 0, 'BB': 1}};at=R
r1487	4	104199999	+	4	104200000	-	aid=r1487;cn={'2': {'AA': 1, 'AB': 0, 'BA': 0, 'BB': 1}};at=R
r1488	4	104219516	+	4	104219517	-	aid=r1488;cn={'2': {'AA': 1, 'AB': 0, 'BA': 0, 'BB': 0}};at=R
r1489	4	104294503	+	4	104294504	-	aid=r1489;cn={'2': {'AA': 1, 'AB': 0, 'BA': 0, 'BB': 0}};at=R
r1490	4	104299999	+	4	104300000	-	aid=r1490;cn={'2': {'AA': 1, 'AB': 0, 'BA': 0, 'BB': 1}};at=R
r1491	4	104349999	+	4	104350000	-	aid=r1491;cn={'2': {'AA': 1, 'AB': 0, 'BA': 0, 'BB': 1}};at=R
r1492	4	104359866	+	4	104359867	-	aid=r1492;cn={'2': {'AA': 1, 'AB': 0, 'BA': 0, 'BB': 0}};at=R
r1493	4	104436205	+	4	104436206	-	aid=r1493;cn={'2': {'AA': 1, 'AB': 0, 'BA': 0, 'BB': 0}};at=R
r1494	4	104449999	+	4	104450000	-	aid=r1494;cn={'2': {'AA': 1, 'AB': 0, 'BA': 0, 'BB': 1}};at=R
r1495	4	104498181	+	4	104498182	-	aid=r1495;cn={'2': {'AA': 0, 'AB': 0, 'BA': 0, 'BB': 1}};at=R
r1496	4	104512221	+	4	104512222	-	aid=r1496;cn={'2': {'AA': 0, 'AB': 0, 'BA': 0, 'BB': 1}};at=R
r1497	4	104749999	+	4	104750000	-	aid=r1497;cn={'2': {'AA': 1, 'AB': 0, 'BA': 0, 'BB': 1}};at=R
r1498	4	104763841	+	4	104763842	-	aid=r1498;cn={'2': {'AA': 1, 'AB': 0, 'BA': 0, 'BB': 0}};at=R
r1499	4	105300547	+	4	105300548	-	aid=r1499;cn={'2': {'AA': 1, 'AB': 0, 'BA': 0, 'BB': 0}};at=R
r1500	4	105320534	+	4	105320535	-	aid=r1500;cn={'2': {'AA': 1, 'AB': 0, 'BA': 0, 'BB': 0}};at=R
r1501	4	105863461	+	4	105863462	-	aid=r1501;cn={'2': {'AA': 1, 'AB': 0, 'BA': 0, 'BB': 0}};at=R
r1502	4	105881387	+	4	105881388	-	aid=r1502;cn={'2': {'AA': 1, 'AB': 0, 'BA': 0, 'BB': 0}};at=R
r1503	4	106285412	+	4	106285413	-	aid=r1503;cn={'2': {'AA': 1, 'AB': 0, 'BA': 0, 'BB': 0}};at=R
r1504	4	106299999	+	4	106300000	-	aid=r1504;cn={'2': {'AA': 1, 'AB': 0, 'BA': 0, 'BB': 1}};at=R
r1505	4	106573814	+	4	106573815	-	aid=r1505;cn={'2': {'AA': 1, 'AB': 0, 'BA': 0, 'BB': 0}};at=R
r1506	4	106584352	+	4	106584353	-	aid=r1506;cn={'2': {'AA': 1, 'AB': 0, 'BA': 0, 'BB': 0}};at=R
r1507	4	107099999	+	4	107100000	-	aid=r1507;cn={'2': {'AA': 1, 'AB': 0, 'BA': 0, 'BB': 1}};at=R
r1508	4	107105878	+	4	107105879	-	aid=r1508;cn={'2': {'AA': 1, 'AB': 0, 'BA': 0, 'BB': 0}};at=R
r1509	4	107149999	+	4	107150000	-	aid=r1509;cn={'2': {'AA': 1, 'AB': 0, 'BA': 0, 'BB': 0}};at=R
r1510	4	107157101	+	4	107157102	-	aid=r1510;cn={'2': {'AA': 1, 'AB': 0, 'BA': 0, 'BB': 0}};at=R
r1511	4	122649999	+	4	122650000	-	aid=r1511;cn={'2': {'AA': 1, 'AB': 0, 'BA': 0, 'BB': 1}};at=R
r1512	4	122652022	+	4	122652023	-	aid=r1512;cn={'2': {'AA': 1, 'AB': 0, 'BA': 0, 'BB': 0}};at=R
r1513	4	122671064	+	4	122671065	-	aid=r1513;cn={'2': {'AA': 1, 'AB': 0, 'BA': 0, 'BB': 0}};at=R
r1514	4	122699999	+	4	122700000	-	aid=r1514;cn={'2': {'AA': 1, 'AB': 0, 'BA': 0, 'BB': 1}};at=R
r1515	4	123146127	+	4	123146128	-	aid=r1515;cn={'2': {'AA': 0, 'AB': 0, 'BA': 0, 'BB': 1}};at=R
r1516	4	123163808	+	4	123163809	-	aid=r1516;cn={'2': {'AA': 0, 'AB': 0, 'BA': 0, 'BB': 1}};at=R
r1517	4	123199999	+	4	123200000	-	aid=r1517;cn={'2': {'AA': 1, 'AB': 0, 'BA': 0, 'BB': 1}};at=R
r1518	4	123223724	+	4	123223725	-	aid=r1518;cn={'2': {'AA': 1, 'AB': 0, 'BA': 0, 'BB': 0}};at=R
r1519	4	123249999	+	4	123250000	-	aid=r1519;cn={'2': {'AA': 1, 'AB': 0, 'BA': 0, 'BB': 0}};at=R
r1520	4	123269941	+	4	123269942	-	aid=r1520;cn={'2': {'AA': 1, 'AB': 0, 'BA': 0, 'BB': 0}};at=R
r1521	4	124253480	+	4	124253481	-	aid=r1521;cn={'2': {'AA': 0, 'AB': 0, 'BA': 0, 'BB': 1}};at=R
r1522	4	124254708	+	4	124254709	-	aid=r1522;cn={'2': {'AA': 0, 'AB': 0, 'BA': 0, 'BB': 1}};at=R
r1523	4	124307619	+	4	124307620	-	aid=r1523;cn={'2': {'AA': 0, 'AB': 0, 'BA': 0, 'BB': 1}};at=R
r1524	4	124329112	+	4	124329113	-	aid=r1524;cn={'2': {'AA': 0, 'AB': 0, 'BA': 0, 'BB': 1}};at=R
r1525	4	124599999	+	4	124600000	-	aid=r1525;cn={'2': {'AA': 0, 'AB': 0, 'BA': 0, 'BB': 1}};at=R
r1526	4	124691000	+	4	124691001	-	aid=r1526;cn={'2': {'AA': 0, 'AB': 0, 'BA': 0, 'BB': 1}};at=R
r1527	4	124699999	+	4	124700000	-	aid=r1527;cn={'2': {'AA': 1, 'AB': 0, 'BA': 0, 'BB': 1}};at=R
r1528	4	125949999	+	4	125950000	-	aid=r1528;cn={'2': {'AA': 1, 'AB': 0, 'BA': 0, 'BB': 1}};at=R
r1529	4	125966704	+	4	125966705	-	aid=r1529;cn={'2': {'AA': 0, 'AB': 0, 'BA': 0, 'BB': 1}};at=R
r1530	4	125999999	+	4	126000000	-	aid=r1530;cn={'2': {'AA': 0, 'AB': 0, 'BA': 0, 'BB': 1}};at=R
r1531	4	126010755	+	4	126010756	-	aid=r1531;cn={'2': {'AA': 0, 'AB': 0, 'BA': 0, 'BB': 1}};at=R
r1532	4	126187201	+	4	126187202	-	aid=r1532;cn={'2': {'AA': 0, 'AB': 0, 'BA': 0, 'BB': 1}};at=R
r1533	4	126196986	+	4	126196987	-	aid=r1533;cn={'2': {'AA': 0, 'AB': 0, 'BA': 0, 'BB': 1}};at=R
r1534	4	126549999	+	4	126550000	-	aid=r1534;cn={'2': {'AA': 1, 'AB': 0, 'BA': 0, 'BB': 1}};at=R
r1535	4	126581208	+	4	126581209	-	aid=r1535;cn={'2': {'AA': 0, 'AB': 0, 'BA': 0, 'BB': 1}};at=R
r1536	4	126599999	+	4	126600000	-	aid=r1536;cn={'2': {'AA': 0, 'AB': 0, 'BA': 0, 'BB': 1}};at=R
r1537	4	126649999	+	4	126650000	-	aid=r1537;cn={'2': {'AA': 0, 'AB': 0, 'BA': 0, 'BB': 1}};at=R
r1538	4	126949999	+	4	126950000	-	aid=r1538;cn={'2': {'AA': 0, 'AB': 0, 'BA': 0, 'BB': 1}};at=R
r1539	4	126964233	+	4	126964234	-	aid=r1539;cn={'2': {'AA': 0, 'AB': 0, 'BA': 0, 'BB': 0}};at=R
r1540	4	126995817	+	4	126995818	-	aid=r1540;cn={'2': {'AA': 0, 'AB': 0, 'BA': 0, 'BB': 0}};at=R
r1541	4	126999999	+	4	127000000	-	aid=r1541;cn={'2': {'AA': 0, 'AB': 0, 'BA': 0, 'BB': 2}};at=R
r1542	4	127113968	+	4	127113969	-	aid=r1542;cn={'2': {'AA': 0, 'AB': 0, 'BA': 0, 'BB': 1}};at=R
r1543	4	127124999	+	4	127125000	-	aid=r1543;cn={'2': {'AA': 0, 'AB': 0, 'BA': 0, 'BB': 1}};at=R
r1544	4	127141095	+	4	127141096	-	aid=r1544;cn={'2': {'AA': 0, 'AB': 0, 'BA': 0, 'BB': 0}};at=R
r1545	4	127349999	+	4	127350000	-	aid=r1545;cn={'2': {'AA': 0, 'AB': 0, 'BA': 0, 'BB': 0}};at=R
r1546	4	127367233	+	4	127367234	-	aid=r1546;cn={'2': {'AA': 0, 'AB': 0, 'BA': 0, 'BB': 0}};at=R
r1547	4	127399999	+	4	127400000	-	aid=r1547;cn={'2': {'AA': 0, 'AB': 0, 'BA': 0, 'BB': 1}};at=R
r1548	4	127449999	+	4	127450000	-	aid=r1548;cn={'2': {'AA': 0, 'AB': 0, 'BA': 0, 'BB': 1}};at=R
r1549	4	127775997	+	4	127775998	-	aid=r1549;cn={'2': {'AA': 0, 'AB': 0, 'BA': 0, 'BB': 1}};at=R
r1550	4	127799999	+	4	127800000	-	aid=r1550;cn={'2': {'AA': 1, 'AB': 0, 'BA': 0, 'BB': 1}};at=R
r1551	4	128140282	+	4	128140283	-	aid=r1551;cn={'2': {'AA': 0, 'AB': 0, 'BA': 0, 'BB': 1}};at=R
r1552	4	128146092	+	4	128146093	-	aid=r1552;cn={'2': {'AA': 0, 'AB': 0, 'BA': 0, 'BB': 1}};at=R
r1553	4	132044195	+	4	132044196	-	aid=r1553;cn={'2': {'AA': 1, 'AB': 0, 'BA': 0, 'BB': 0}};at=R
r1554	4	132060628	+	4	132060629	-	aid=r1554;cn={'2': {'AA': 1, 'AB': 0, 'BA': 0, 'BB': 0}};at=R
r1555	4	132649999	+	4	132650000	-	aid=r1555;cn={'2': {'AA': 1, 'AB': 0, 'BA': 0, 'BB': 1}};at=R
r1556	4	132699999	+	4	132700000	-	aid=r1556;cn={'2': {'AA': 1, 'AB': 0, 'BA': 0, 'BB': 1}};at=R
r1557	4	143847090	+	4	143847091	-	aid=r1557;cn={'2': {'AA': 1, 'AB': 0, 'BA': 0, 'BB': 1}};at=R
r1558	4	143876577	+	4	143876578	-	aid=r1558;cn={'2': {'AA': 1, 'AB': 0, 'BA': 0, 'BB': 1}};at=R
r1559	4	147199999	+	4	147200000	-	aid=r1559;cn={'2': {'AA': 1, 'AB': 0, 'BA': 0, 'BB': 1}};at=R
r1560	4	147249999	+	4	147250000	-	aid=r1560;cn={'2': {'AA': 1, 'AB': 0, 'BA': 0, 'BB': 1}};at=R
r1561	4	148224999	+	4	148225000	-	aid=r1561;cn={'2': {'AA': 1, 'AB': 0, 'BA': 0, 'BB': 1}};at=R
r1562	4	148299999	+	4	148300000	-	aid=r1562;cn={'2': {'AA': 1, 'AB': 0, 'BA': 0, 'BB': 1}};at=R
r1563	4	154488172	+	4	154488173	-	aid=r1563;cn={'2': {'AA': 1, 'AB': 0, 'BA': 0, 'BB': 0}};at=R
r1564	4	154512042	+	4	154512043	-	aid=r1564;cn={'2': {'AA': 1, 'AB': 0, 'BA': 0, 'BB': 0}};at=R
r1565	4	154514526	+	4	154514527	-	aid=r1565;cn={'2': {'AA': 1, 'AB': 0, 'BA': 0, 'BB': 0}};at=R
r1566	4	154789124	+	4	154789125	-	aid=r1566;cn={'2': {'AA': 1, 'AB': 0, 'BA': 0, 'BB': 0}};at=R
r1567	4	154790126	+	4	154790127	-	aid=r1567;cn={'2': {'AA': 1, 'AB': 0, 'BA': 0, 'BB': 0}};at=R
r1568	4	162249999	+	4	162250000	-	aid=r1568;cn={'2': {'AA': 1, 'AB': 0, 'BA': 0, 'BB': 1}};at=R
r1569	4	162299999	+	4	162300000	-	aid=r1569;cn={'2': {'AA': 1, 'AB': 0, 'BA': 0, 'BB': 1}};at=R
r1570	4	168179269	+	4	168179270	-	aid=r1570;cn={'2': {'AA': 1, 'AB': 0, 'BA': 0, 'BB': 0}};at=R
r1571	4	168195617	+	4	168195618	-	aid=r1571;cn={'2': {'AA': 1, 'AB': 0, 'BA': 0, 'BB': 0}};at=R
r1572	4	168749999	+	4	168750000	-	aid=r1572;cn={'2': {'AA': 1, 'AB': 0, 'BA': 0, 'BB': 1}};at=R
r1573	4	168771391	+	4	168771392	-	aid=r1573;cn={'2': {'AA': 0, 'AB': 0, 'BA': 0, 'BB': 1}};at=R
r1574	4	169249999	+	4	169250000	-	aid=r1574;cn={'2': {'AA': 0, 'AB': 0, 'BA': 0, 'BB': 1}};at=R
r1575	4	169269822	+	4	169269823	-	aid=r1575;cn={'2': {'AA': 0, 'AB': 0, 'BA': 0, 'BB': 1}};at=R
r1576	4	172399999	+	4	172400000	-	aid=r1576;cn={'2': {'AA': 1, 'AB': 0, 'BA': 0, 'BB': 1}};at=R
r1577	4	172414418	+	4	172414419	-	aid=r1577;cn={'2': {'AA': 0, 'AB': 0, 'BA': 0, 'BB': 1}};at=R
r1578	4	172437511	+	4	172437512	-	aid=r1578;cn={'2': {'AA': 0, 'AB': 0, 'BA': 0, 'BB': 1}};at=R
r1579	4	172449999	+	4	172450000	-	aid=r1579;cn={'2': {'AA': 1, 'AB': 0, 'BA': 0, 'BB': 1}};at=R
r1580	4	173049999	+	4	173050000	-	aid=r1580;cn={'2': {'AA': 1, 'AB': 0, 'BA': 0, 'BB': 1}};at=R
r1581	4	173096325	+	4	173096326	-	aid=r1581;cn={'2': {'AA': 1, 'AB': 0, 'BA': 0, 'BB': 1}};at=R
r1582	4	173499999	+	4	173500000	-	aid=r1582;cn={'2': {'AA': 1, 'AB': 0, 'BA': 0, 'BB': 1}};at=R
r1583	4	173549999	+	4	173550000	-	aid=r1583;cn={'2': {'AA': 1, 'AB': 0, 'BA': 0, 'BB': 1}};at=R
r1584	4	174070049	+	4	174070050	-	aid=r1584;cn={'2': {'AA': 0, 'AB': 0, 'BA': 0, 'BB': 1}};at=R
r1585	4	174099999	+	4	174100000	-	aid=r1585;cn={'2': {'AA': 0, 'AB': 0, 'BA': 0, 'BB': 1}};at=R
r1586	4	179149999	+	4	179150000	-	aid=r1586;cn={'2': {'AA': 0, 'AB': 0, 'BA': 0, 'BB': 1}};at=R
r1587	4	179158924	+	4	179158925	-	aid=r1587;cn={'2': {'AA': 0, 'AB': 0, 'BA': 0, 'BB': 1}};at=R
r1588	4	181778209	+	4	181778210	-	aid=r1588;cn={'2': {'AA': 1, 'AB': 0, 'BA': 0, 'BB': 0}};at=R
r1589	4	181781947	+	4	181781948	-	aid=r1589;cn={'2': {'AA': 1, 'AB': 0, 'BA': 0, 'BB': 0}};at=R
r1590	4	181949999	+	4	181950000	-	aid=r1590;cn={'2': {'AA': 1, 'AB': 0, 'BA': 0, 'BB': 1}};at=R
r1591	4	181977024	+	4	181977025	-	aid=r1591;cn={'2': {'AA': 0, 'AB': 0, 'BA': 0, 'BB': 1}};at=R
r1592	4	181986832	+	4	181986833	-	aid=r1592;cn={'2': {'AA': 0, 'AB': 0, 'BA': 0, 'BB': 1}};at=R
r1593	4	181999999	+	4	182000000	-	aid=r1593;cn={'2': {'AA': 1, 'AB': 0, 'BA': 0, 'BB': 1}};at=R
r1594	4	182599999	+	4	182600000	-	aid=r1594;cn={'2': {'AA': 1, 'AB': 0, 'BA': 0, 'BB': 1}};at=R
r1595	4	182613561	+	4	182613562	-	aid=r1595;cn={'2': {'AA': 1, 'AB': 0, 'BA': 0, 'BB': 1}};at=R
r1596	4	182649999	+	4	182650000	-	aid=r1596;cn={'2': {'AA': 1, 'AB': 0, 'BA': 0, 'BB': 1}};at=R
r1597	4	183196495	+	4	183196496	-	aid=r1597;cn={'2': {'AA': 0, 'AB': 0, 'BA': 0, 'BB': 1}};at=R
r1598	4	183199999	+	4	183200000	-	aid=r1598;cn={'2': {'AA': 0, 'AB': 0, 'BA': 0, 'BB': 1}};at=R
r1599	4	184949999	+	4	184950000	-	aid=r1599;cn={'2': {'AA': 0, 'AB': 0, 'BA': 0, 'BB': 1}};at=R
r1600	4	184953975	+	4	184953976	-	aid=r1600;cn={'2': {'AA': 0, 'AB': 0, 'BA': 0, 'BB': 1}};at=R
r1601	4	187469741	+	4	187469742	-	aid=r1601;cn={'2': {'AA': 1, 'AB': 0, 'BA': 0, 'BB': 1}};at=R
r1602	4	190599999	+	4	190600000	-	aid=r1602;cn={'2': {'AA': 1, 'AB': 0, 'BA': 0, 'BB': 1}};at=R
r1603	4	190699999	+	4	190700000	-	aid=r1603;cn={'2': {'AA': 1, 'AB': 0, 'BA': 0, 'BB': 1}};at=R
r1604	4	190999999	+	4	191000000	-	aid=r1604;cn={'2': {'AA': 1, 'AB': 0, 'BA': 0, 'BB': 1}};at=R
r1605	5	49999	+	5	50000	-	aid=r1605;cn={'2': {'AA': 1, 'AB': 0, 'BA': 0, 'BB': 1}};at=R
r1606	5	299999	+	5	300000	-	aid=r1606;cn={'2': {'AA': 1, 'AB': 0, 'BA': 0, 'BB': 1}};at=R
r1607	5	349999	+	5	350000	-	aid=r1607;cn={'2': {'AA': 1, 'AB': 0, 'BA': 0, 'BB': 1}};at=R
r1608	5	699999	+	5	700000	-	aid=r1608;cn={'2': {'AA': 1, 'AB': 0, 'BA': 0, 'BB': 1}};at=R
r1609	5	749999	+	5	750000	-	aid=r1609;cn={'2': {'AA': 1, 'AB': 0, 'BA': 0, 'BB': 1}};at=R
r1610	5	2449999	+	5	2450000	-	aid=r1610;cn={'2': {'AA': 1, 'AB': 0, 'BA': 0, 'BB': 1}};at=R
r1611	5	2499999	+	5	2500000	-	aid=r1611;cn={'2': {'AA': 1, 'AB': 0, 'BA': 0, 'BB': 1}};at=R
r1612	5	11099999	+	5	11100000	-	aid=r1612;cn={'2': {'AA': 1, 'AB': 0, 'BA': 0, 'BB': 1}};at=R
r1613	5	11149999	+	5	11150000	-	aid=r1613;cn={'2': {'AA': 1, 'AB': 0, 'BA': 0, 'BB': 1}};at=R
r1614	5	15024999	+	5	15025000	-	aid=r1614;cn={'2': {'AA': 1, 'AB': 0, 'BA': 0, 'BB': 1}};at=R
r1615	5	15099999	+	5	15100000	-	aid=r1615;cn={'2': {'AA': 1, 'AB': 0, 'BA': 0, 'BB': 1}};at=R
r1616	5	17549999	+	5	17550000	-	aid=r1616;cn={'2': {'AA': 1, 'AB': 0, 'BA': 0, 'BB': 1}};at=R
r1617	5	17599999	+	5	17600000	-	aid=r1617;cn={'2': {'AA': 1, 'AB': 0, 'BA': 0, 'BB': 1}};at=R
r1618	5	21424999	+	5	21425000	-	aid=r1618;cn={'2': {'AA': 1, 'AB': 0, 'BA': 0, 'BB': 1}};at=R
r1619	5	21499999	+	5	21500000	-	aid=r1619;cn={'2': {'AA': 1, 'AB': 0, 'BA': 0, 'BB': 1}};at=R
r1620	5	26143142	+	5	26143143	-	aid=r1620;cn={'2': {'AA': 1, 'AB': 0, 'BA': 0, 'BB': 0}};at=R
r1621	5	26155484	+	5	26155485	-	aid=r1621;cn={'2': {'AA': 1, 'AB': 0, 'BA': 0, 'BB': 0}};at=R
r1622	5	26204938	+	5	26204939	-	aid=r1622;cn={'2': {'AA': 1, 'AB': 0, 'BA': 0, 'BB': 0}};at=R
r1623	5	26213015	+	5	26213016	-	aid=r1623;cn={'2': {'AA': 1, 'AB': 0, 'BA': 0, 'BB': 0}};at=R
r1624	5	36299999	+	5	36300000	-	aid=r1624;cn={'2': {'AA': 1, 'AB': 0, 'BA': 0, 'BB': 1}};at=R
r1625	5	36349999	+	5	36350000	-	aid=r1625;cn={'2': {'AA': 1, 'AB': 0, 'BA': 0, 'BB': 1}};at=R
r1626	5	44799999	+	5	44800000	-	aid=r1626;cn={'2': {'AA': 1, 'AB': 0, 'BA': 0, 'BB': 1}};at=R
r1627	5	44849999	+	5	44850000	-	aid=r1627;cn={'2': {'AA': 1, 'AB': 0, 'BA': 0, 'BB': 1}};at=R
r1628	5	47924999	+	5	47925000	-	aid=r1628;cn={'2': {'AA': 1, 'AB': 0, 'BA': 0, 'BB': 1}};at=R
r1629	5	49449999	+	5	49450000	-	aid=r1629;cn={'2': {'AA': 1, 'AB': 0, 'BA': 0, 'BB': 1}};at=R
r1630	5	59849999	+	5	59850000	-	aid=r1630;cn={'2': {'AA': 1, 'AB': 0, 'BA': 0, 'BB': 1}};at=R
r1631	5	59924999	+	5	59925000	-	aid=r1631;cn={'2': {'AA': 1, 'AB': 0, 'BA': 0, 'BB': 1}};at=R
r1632	5	61499999	+	5	61500000	-	aid=r1632;cn={'2': {'AA': 1, 'AB': 0, 'BA': 0, 'BB': 1}};at=R
r1633	5	61549999	+	5	61550000	-	aid=r1633;cn={'2': {'AA': 1, 'AB': 0, 'BA': 0, 'BB': 1}};at=R
r1634	5	68899999	+	5	68900000	-	aid=r1634;cn={'2': {'AA': 1, 'AB': 0, 'BA': 0, 'BB': 1}};at=R
r1635	5	69074999	+	5	69075000	-	aid=r1635;cn={'2': {'AA': 1, 'AB': 0, 'BA': 0, 'BB': 1}};at=R
r1636	5	69424999	+	5	69425000	-	aid=r1636;cn={'2': {'AA': 1, 'AB': 0, 'BA': 0, 'BB': 1}};at=R
r1637	5	69499999	+	5	69500000	-	aid=r1637;cn={'2': {'AA': 1, 'AB': 0, 'BA': 0, 'BB': 1}};at=R
r1638	5	69599999	+	5	69600000	-	aid=r1638;cn={'2': {'AA': 1, 'AB': 0, 'BA': 0, 'BB': 1}};at=R
r1639	5	69649999	+	5	69650000	-	aid=r1639;cn={'2': {'AA': 1, 'AB': 0, 'BA': 0, 'BB': 1}};at=R
r1640	5	69699999	+	5	69700000	-	aid=r1640;cn={'2': {'AA': 1, 'AB': 0, 'BA': 0, 'BB': 1}};at=R
r1641	5	69874999	+	5	69875000	-	aid=r1641;cn={'2': {'AA': 1, 'AB': 0, 'BA': 0, 'BB': 1}};at=R
r1642	5	70149999	+	5	70150000	-	aid=r1642;cn={'2': {'AA': 1, 'AB': 0, 'BA': 0, 'BB': 1}};at=R
r1643	5	70399999	+	5	70400000	-	aid=r1643;cn={'2': {'AA': 1, 'AB': 0, 'BA': 0, 'BB': 1}};at=R
r1644	5	70449999	+	5	70450000	-	aid=r1644;cn={'2': {'AA': 1, 'AB': 0, 'BA': 0, 'BB': 1}};at=R
r1645	5	70524999	+	5	70525000	-	aid=r1645;cn={'2': {'AA': 1, 'AB': 0, 'BA': 0, 'BB': 1}};at=R
r1646	5	70599999	+	5	70600000	-	aid=r1646;cn={'2': {'AA': 1, 'AB': 0, 'BA': 0, 'BB': 1}};at=R
r1647	5	84272752	+	5	84272753	-	aid=r1647;cn={'2': {'AA': 1, 'AB': 0, 'BA': 0, 'BB': 0}};at=R
r1648	5	84299999	+	5	84300000	-	aid=r1648;cn={'2': {'AA': 1, 'AB': 0, 'BA': 0, 'BB': 0}};at=R
r1649	5	89799999	+	5	89800000	-	aid=r1649;cn={'2': {'AA': 1, 'AB': 0, 'BA': 0, 'BB': 0}};at=R
r1650	5	89816502	+	5	89816503	-	aid=r1650;cn={'2': {'AA': 1, 'AB': 0, 'BA': 0, 'BB': 0}};at=R
r1651	5	89886974	+	5	89886975	-	aid=r1651;cn={'2': {'AA': 1, 'AB': 0, 'BA': 0, 'BB': 0}};at=R
r1652	5	89899999	+	5	89900000	-	aid=r1652;cn={'2': {'AA': 1, 'AB': 0, 'BA': 0, 'BB': 0}};at=R
r1653	5	93795825	+	5	93795826	-	aid=r1653;cn={'2': {'AA': 1, 'AB': 0, 'BA': 0, 'BB': 0}};at=R
r1654	5	93799999	+	5	93800000	-	aid=r1654;cn={'2': {'AA': 2, 'AB': 0, 'BA': 0, 'BB': 0}};at=R
r1655	5	93836373	+	5	93836374	-	aid=r1655;cn={'2': {'AA': 1, 'AB': 0, 'BA': 0, 'BB': 0}};at=R
r1656	5	93849999	+	5	93850000	-	aid=r1656;cn={'2': {'AA': 1, 'AB': 0, 'BA': 0, 'BB': 0}};at=R
r1657	5	98099127	+	5	98099128	-	aid=r1657;cn={'2': {'AA': 1, 'AB': 0, 'BA': 0, 'BB': 0}};at=R
r1658	5	99536379	+	5	99536380	-	aid=r1658;cn={'2': {'AA': 1, 'AB': 0, 'BA': 0, 'BB': 0}};at=R
r1659	5	100620350	+	5	100620351	-	aid=r1659;cn={'2': {'AA': 1, 'AB': 0, 'BA': 0, 'BB': 0}};at=R
r1660	5	100689790	+	5	100689791	-	aid=r1660;cn={'2': {'AA': 1, 'AB': 0, 'BA': 0, 'BB': 0}};at=R
r1661	5	102062528	+	5	102062529	-	aid=r1661;cn={'2': {'AA': 0, 'AB': 0, 'BA': 0, 'BB': 0}};at=R
r1662	5	102085460	+	5	102085461	-	aid=r1662;cn={'2': {'AA': 0, 'AB': 0, 'BA': 0, 'BB': 0}};at=R
r1663	5	102465390	+	5	102465391	-	aid=r1663;cn={'2': {'AA': 0, 'AB': 0, 'BA': 0, 'BB': 0}};at=R
r1664	5	102488659	+	5	102488660	-	aid=r1664;cn={'2': {'AA': 0, 'AB': 0, 'BA': 0, 'BB': 0}};at=R
r1665	5	103284361	+	5	103284362	-	aid=r1665;cn={'2': {'AA': 1, 'AB': 0, 'BA': 0, 'BB': 0}};at=R
r1666	5	103299999	+	5	103300000	-	aid=r1666;cn={'2': {'AA': 1, 'AB': 0, 'BA': 0, 'BB': 1}};at=R
r1667	5	103899999	+	5	103900000	-	aid=r1667;cn={'2': {'AA': 1, 'AB': 0, 'BA': 0, 'BB': 1}};at=R
r1668	5	103906091	+	5	103906092	-	aid=r1668;cn={'2': {'AA': 0, 'AB': 0, 'BA': 0, 'BB': 1}};at=R
r1669	5	103974999	+	5	103975000	-	aid=r1669;cn={'2': {'AA': 0, 'AB': 0, 'BA': 0, 'BB': 1}};at=R
r1670	5	104149999	+	5	104150000	-	aid=r1670;cn={'2': {'AA': 0, 'AB': 0, 'BA': 0, 'BB': 1}};at=R
r1671	5	104173329	+	5	104173330	-	aid=r1671;cn={'2': {'AA': 0, 'AB': 0, 'BA': 0, 'BB': 1}};at=R
r1672	5	104199999	+	5	104200000	-	aid=r1672;cn={'2': {'AA': 1, 'AB': 0, 'BA': 0, 'BB': 1}};at=R
r1673	5	104860738	+	5	104860739	-	aid=r1673;cn={'2': {'AA': 0, 'AB': 0, 'BA': 0, 'BB': 1}};at=R
r1674	5	104899999	+	5	104900000	-	aid=r1674;cn={'2': {'AA': 0, 'AB': 0, 'BA': 0, 'BB': 1}};at=R
r1675	5	106099999	+	5	106100000	-	aid=r1675;cn={'2': {'AA': 0, 'AB': 0, 'BA': 0, 'BB': 1}};at=R
r1676	5	106124546	+	5	106124547	-	aid=r1676;cn={'2': {'AA': 0, 'AB': 0, 'BA': 0, 'BB': 1}};at=R
r1677	5	106149999	+	5	106150000	-	aid=r1677;cn={'2': {'AA': 1, 'AB': 0, 'BA': 0, 'BB': 1}};at=R
r1678	5	119873923	+	5	119873924	-	aid=r1678;cn={'2': {'AA': 1, 'AB': 0, 'BA': 0, 'BB': 0}};at=R
r1679	5	119910492	+	5	119910493	-	aid=r1679;cn={'2': {'AA': 1, 'AB': 0, 'BA': 0, 'BB': 1}};at=R
r1680	5	119910590	+	5	119910591	-	aid=r1680;cn={'2': {'AA': 1, 'AB': 0, 'BA': 0, 'BB': 1}};at=R
r1681	5	126299999	+	5	126300000	-	aid=r1681;cn={'2': {'AA': 1, 'AB': 0, 'BA': 0, 'BB': 1}};at=R
r1682	5	126349999	+	5	126350000	-	aid=r1682;cn={'2': {'AA': 1, 'AB': 0, 'BA': 0, 'BB': 1}};at=R
r1683	5	151799999	+	5	151800000	-	aid=r1683;cn={'2': {'AA': 1, 'AB': 0, 'BA': 0, 'BB': 1}};at=R
r1684	5	151849999	+	5	151850000	-	aid=r1684;cn={'2': {'AA': 1, 'AB': 0, 'BA': 0, 'BB': 1}};at=R
r1685	5	159349999	+	5	159350000	-	aid=r1685;cn={'2': {'AA': 1, 'AB': 0, 'BA': 0, 'BB': 1}};at=R
r1686	5	159399999	+	5	159400000	-	aid=r1686;cn={'2': {'AA': 1, 'AB': 0, 'BA': 0, 'BB': 1}};at=R
r1687	5	159630090	+	5	159630091	-	aid=r1687;cn={'2': {'AA': 1, 'AB': 0, 'BA': 0, 'BB': 0}};at=R
r1688	5	159649999	+	5	159650000	-	aid=r1688;cn={'2': {'AA': 1, 'AB': 0, 'BA': 0, 'BB': 0}};at=R
r1689	5	160903149	+	5	160903150	-	aid=r1689;cn={'2': {'AA': 0, 'AB': 0, 'BA': 0, 'BB': 0}};at=R
r1690	5	160908209	+	5	160908210	-	aid=r1690;cn={'2': {'AA': 0, 'AB': 0, 'BA': 0, 'BB': 0}};at=R
r1691	5	160985274	+	5	160985275	-	aid=r1691;cn={'2': {'AA': 0, 'AB': 0, 'BA': 0, 'BB': 0}};at=R
r1692	5	160988296	+	5	160988297	-	aid=r1692;cn={'2': {'AA': 0, 'AB': 0, 'BA': 0, 'BB': 0}};at=R
r1693	5	161488947	+	5	161488948	-	aid=r1693;cn={'2': {'AA': 1, 'AB': 0, 'BA': 0, 'BB': 0}};at=R
r1694	5	162549999	+	5	162550000	-	aid=r1694;cn={'2': {'AA': 1, 'AB': 0, 'BA': 0, 'BB': 1}};at=R
r1695	5	162552889	+	5	162552890	-	aid=r1695;cn={'2': {'AA': 1, 'AB': 0, 'BA': 0, 'BB': 1}};at=R
r1696	5	162794419	+	5	162794420	-	aid=r1696;cn={'2': {'AA': 1, 'AB': 0, 'BA': 0, 'BB': 1}};at=R
r1697	5	162799999	+	5	162800000	-	aid=r1697;cn={'2': {'AA': 1, 'AB': 0, 'BA': 0, 'BB': 1}};at=R
r1698	5	162849999	+	5	162850000	-	aid=r1698;cn={'2': {'AA': 1, 'AB': 0, 'BA': 0, 'BB': 1}};at=R
r1699	5	164842069	+	5	164842070	-	aid=r1699;cn={'2': {'AA': 1, 'AB': 0, 'BA': 0, 'BB': 0}};at=R
r1700	5	164843470	+	5	164843471	-	aid=r1700;cn={'2': {'AA': 1, 'AB': 0, 'BA': 0, 'BB': 0}};at=R
r1701	5	165499999	+	5	165500000	-	aid=r1701;cn={'2': {'AA': 1, 'AB': 0, 'BA': 0, 'BB': 1}};at=R
r1702	5	165549999	+	5	165550000	-	aid=r1702;cn={'2': {'AA': 1, 'AB': 0, 'BA': 0, 'BB': 1}};at=R
r1703	5	175399999	+	5	175400000	-	aid=r1703;cn={'2': {'AA': 1, 'AB': 0, 'BA': 0, 'BB': 1}};at=R
r1704	5	175549999	+	5	175550000	-	aid=r1704;cn={'2': {'AA': 1, 'AB': 0, 'BA': 0, 'BB': 1}};at=R
r1705	5	177149999	+	5	177150000	-	aid=r1705;cn={'2': {'AA': 1, 'AB': 0, 'BA': 0, 'BB': 1}};at=R
r1706	5	177349999	+	5	177350000	-	aid=r1706;cn={'2': {'AA': 1, 'AB': 0, 'BA': 0, 'BB': 1}};at=R
r1707	5	180499999	+	5	180500000	-	aid=r1707;cn={'2': {'AA': 1, 'AB': 0, 'BA': 0, 'BB': 1}};at=R
r1708	5	180549999	+	5	180550000	-	aid=r1708;cn={'2': {'AA': 1, 'AB': 0, 'BA': 0, 'BB': 1}};at=R
r1709	6	18899999	+	6	18900000	-	aid=r1709;cn={'2': {'AA': 2, 'AB': 0, 'BA': 0, 'BB': 1}};at=R
r1710	6	18949999	+	6	18950000	-	aid=r1710;cn={'2': {'AA': 2, 'AB': 0, 'BA': 0, 'BB': 1}};at=R
r1711	6	26149999	+	6	26150000	-	aid=r1711;cn={'2': {'AA': 2, 'AB': 0, 'BA': 0, 'BB': 1}};at=R
r1712	6	26249999	+	6	26250000	-	aid=r1712;cn={'2': {'AA': 2, 'AB': 0, 'BA': 0, 'BB': 1}};at=R
r1713	6	26899999	+	6	26900000	-	aid=r1713;cn={'2': {'AA': 2, 'AB': 0, 'BA': 0, 'BB': 1}};at=R
r1714	6	26949999	+	6	26950000	-	aid=r1714;cn={'2': {'AA': 2, 'AB': 0, 'BA': 0, 'BB': 1}};at=R
r1715	6	31249999	+	6	31250000	-	aid=r1715;cn={'2': {'AA': 2, 'AB': 0, 'BA': 0, 'BB': 1}};at=R
r1716	6	31299999	+	6	31300000	-	aid=r1716;cn={'2': {'AA': 2, 'AB': 0, 'BA': 0, 'BB': 1}};at=R
r1717	6	33249999	+	6	33250000	-	aid=r1717;cn={'2': {'AA': 2, 'AB': 0, 'BA': 0, 'BB': 1}};at=R
r1718	6	33299999	+	6	33300000	-	aid=r1718;cn={'2': {'AA': 2, 'AB': 0, 'BA': 0, 'BB': 1}};at=R
r1719	6	66328454	+	6	66328455	-	aid=r1719;cn={'2': {'AA': 2, 'AB': 0, 'BA': 0, 'BB': 1}};at=R
r1720	6	69699999	+	6	69700000	-	aid=r1720;cn={'2': {'AA': 2, 'AB': 0, 'BA': 0, 'BB': 1}};at=R
r1721	6	69749999	+	6	69750000	-	aid=r1721;cn={'2': {'AA': 2, 'AB': 0, 'BA': 0, 'BB': 1}};at=R
r1722	6	77819752	+	6	77819753	-	aid=r1722;cn={'2': {'AA': 0, 'AB': 0, 'BA': 0, 'BB': 1}};at=R
r1723	6	77849999	+	6	77850000	-	aid=r1723;cn={'2': {'AA': 0, 'AB': 0, 'BA': 0, 'BB': 1}};at=R
r1724	6	78040765	+	6	78040766	-	aid=r1724;cn={'2': {'AA': 0, 'AB': 0, 'BA': 0, 'BB': 1}};at=R
r1725	6	78049999	+	6	78050000	-	aid=r1725;cn={'2': {'AA': 2, 'AB': 0, 'BA': 0, 'BB': 1}};at=R
r1726	6	78194542	+	6	78194543	-	aid=r1726;cn={'2': {'AA': 0, 'AB': 0, 'BA': 0, 'BB': 1}};at=R
r1727	6	78201783	+	6	78201784	-	aid=r1727;cn={'2': {'AA': 0, 'AB': 0, 'BA': 0, 'BB': 1}};at=R
r1728	6	78243484	+	6	78243485	-	aid=r1728;cn={'2': {'AA': 1, 'AB': 0, 'BA': 0, 'BB': 1}};at=R
r1729	6	78249999	+	6	78250000	-	aid=r1729;cn={'2': {'AA': 1, 'AB': 0, 'BA': 0, 'BB': 1}};at=R
r1730	6	78296546	+	6	78296547	-	aid=r1730;cn={'2': {'AA': 1, 'AB': 0, 'BA': 0, 'BB': 1}};at=R
r1731	6	78299999	+	6	78300000	-	aid=r1731;cn={'2': {'AA': 1, 'AB': 0, 'BA': 0, 'BB': 3}};at=R
r1732	6	78623731	+	6	78623732	-	aid=r1732;cn={'2': {'AA': 1, 'AB': 0, 'BA': 0, 'BB': 1}};at=R
r1733	6	78647227	+	6	78647228	-	aid=r1733;cn={'2': {'AA': 1, 'AB': 0, 'BA': 0, 'BB': 1}};at=R
r1734	6	78906540	+	6	78906541	-	aid=r1734;cn={'2': {'AA': 1, 'AB': 0, 'BA': 0, 'BB': 1}};at=R
r1735	6	78907782	+	6	78907783	-	aid=r1735;cn={'2': {'AA': 1, 'AB': 0, 'BA': 0, 'BB': 1}};at=R
r1736	6	79641475	+	6	79641476	-	aid=r1736;cn={'2': {'AA': 1, 'AB': 0, 'BA': 0, 'BB': 1}};at=R
r1737	6	79642477	+	6	79642478	-	aid=r1737;cn={'2': {'AA': 1, 'AB': 0, 'BA': 0, 'BB': 1}};at=R
r1738	6	80836504	+	6	80836505	-	aid=r1738;cn={'2': {'AA': 1, 'AB': 0, 'BA': 0, 'BB': 0}};at=R
r1739	6	80849999	+	6	80850000	-	aid=r1739;cn={'2': {'AA': 1, 'AB': 0, 'BA': 0, 'BB': 0}};at=R
r1740	6	80999999	+	6	81000000	-	aid=r1740;cn={'2': {'AA': 1, 'AB': 0, 'BA': 0, 'BB': 0}};at=R
r1741	6	81008461	+	6	81008462	-	aid=r1741;cn={'2': {'AA': 1, 'AB': 0, 'BA': 0, 'BB': 0}};at=R
r1742	6	81428138	+	6	81428139	-	aid=r1742;cn={'2': {'AA': 1, 'AB': 0, 'BA': 0, 'BB': 0}};at=R
r1743	6	81430158	+	6	81430159	-	aid=r1743;cn={'2': {'AA': 1, 'AB': 0, 'BA': 0, 'BB': 0}};at=R
r1744	6	82992295	+	6	82992296	-	aid=r1744;cn={'2': {'AA': 1, 'AB': 0, 'BA': 0, 'BB': 0}};at=R
r1745	6	82999999	+	6	83000000	-	aid=r1745;cn={'2': {'AA': 1, 'AB': 0, 'BA': 0, 'BB': 0}};at=R
r1746	6	98749999	+	6	98750000	-	aid=r1746;cn={'2': {'AA': 1, 'AB': 0, 'BA': 0, 'BB': 0}};at=R
r1747	6	98771751	+	6	98771752	-	aid=r1747;cn={'2': {'AA': 1, 'AB': 0, 'BA': 0, 'BB': 0}};at=R
r1748	6	98799999	+	6	98800000	-	aid=r1748;cn={'2': {'AA': 1, 'AB': 0, 'BA': 0, 'BB': 1}};at=R
r1749	6	99414651	+	6	99414652	-	aid=r1749;cn={'2': {'AA': 1, 'AB': 0, 'BA': 0, 'BB': 1}};at=R
r1750	6	99509540	+	6	99509541	-	aid=r1750;cn={'2': {'AA': 1, 'AB': 0, 'BA': 0, 'BB': 0}};at=R
r1751	6	99511899	+	6	99511900	-	aid=r1751;cn={'2': {'AA': 1, 'AB': 0, 'BA': 0, 'BB': 0}};at=R
r1752	6	101531195	+	6	101531196	-	aid=r1752;cn={'2': {'AA': 1, 'AB': 0, 'BA': 0, 'BB': 0}};at=R
r1753	6	101535044	+	6	101535045	-	aid=r1753;cn={'2': {'AA': 1, 'AB': 0, 'BA': 0, 'BB': 0}};at=R
r1754	6	101699999	+	6	101700000	-	aid=r1754;cn={'2': {'AA': 1, 'AB': 0, 'BA': 0, 'BB': 1}};at=R
r1755	6	101715955	+	6	101715956	-	aid=r1755;cn={'2': {'AA': 0, 'AB': 0, 'BA': 0, 'BB': 1}};at=R
r1756	6	101739362	+	6	101739363	-	aid=r1756;cn={'2': {'AA': 0, 'AB': 0, 'BA': 0, 'BB': 1}};at=R
r1757	6	101749999	+	6	101750000	-	aid=r1757;cn={'2': {'AA': 1, 'AB': 0, 'BA': 0, 'BB': 1}};at=R
r1758	6	101799999	+	6	101800000	-	aid=r1758;cn={'2': {'AA': 1, 'AB': 0, 'BA': 0, 'BB': 1}};at=R
r1759	6	101803616	+	6	101803617	-	aid=r1759;cn={'2': {'AA': 0, 'AB': 0, 'BA': 0, 'BB': 1}};at=R
r1760	6	101816272	+	6	101816273	-	aid=r1760;cn={'2': {'AA': 0, 'AB': 0, 'BA': 0, 'BB': 1}};at=R
r1761	6	101849999	+	6	101850000	-	aid=r1761;cn={'2': {'AA': 1, 'AB': 0, 'BA': 0, 'BB': 1}};at=R
r1762	6	101990857	+	6	101990858	-	aid=r1762;cn={'2': {'AA': 0, 'AB': 0, 'BA': 0, 'BB': 1}};at=R
r1763	6	102000456	+	6	102000457	-	aid=r1763;cn={'2': {'AA': 0, 'AB': 0, 'BA': 0, 'BB': 1}};at=R
r1764	6	103798418	+	6	103798419	-	aid=r1764;cn={'2': {'AA': 1, 'AB': 0, 'BA': 0, 'BB': 0}};at=R
r1765	6	103809906	+	6	103809907	-	aid=r1765;cn={'2': {'AA': 1, 'AB': 0, 'BA': 0, 'BB': 0}};at=R
r1766	6	104360511	+	6	104360512	-	aid=r1766;cn={'2': {'AA': 1, 'AB': 0, 'BA': 0, 'BB': 0}};at=R
r1767	6	104360580	+	6	104360581	-	aid=r1767;cn={'2': {'AA': 1, 'AB': 0, 'BA': 0, 'BB': 0}};at=R
r1768	6	110917002	+	6	110917003	-	aid=r1768;cn={'2': {'AA': 0, 'AB': 0, 'BA': 0, 'BB': 1}};at=R
r1769	6	110920238	+	6	110920239	-	aid=r1769;cn={'2': {'AA': 0, 'AB': 0, 'BA': 0, 'BB': 1}};at=R
r1770	6	111559522	+	6	111559523	-	aid=r1770;cn={'2': {'AA': 1, 'AB': 0, 'BA': 0, 'BB': 0}};at=R
r1771	6	111568420	+	6	111568421	-	aid=r1771;cn={'2': {'AA': 1, 'AB': 0, 'BA': 0, 'BB': 0}};at=R
r1772	6	111680669	+	6	111680670	-	aid=r1772;cn={'2': {'AA': 1, 'AB': 0, 'BA': 0, 'BB': 0}};at=R
r1773	6	111685031	+	6	111685032	-	aid=r1773;cn={'2': {'AA': 1, 'AB': 0, 'BA': 0, 'BB': 0}};at=R
r1774	6	112123669	+	6	112123670	-	aid=r1774;cn={'2': {'AA': 0, 'AB': 0, 'BA': 0, 'BB': 1}};at=R
r1775	6	112136210	+	6	112136211	-	aid=r1775;cn={'2': {'AA': 0, 'AB': 0, 'BA': 0, 'BB': 1}};at=R
r1776	6	112138806	+	6	112138807	-	aid=r1776;cn={'2': {'AA': 1, 'AB': 0, 'BA': 0, 'BB': 1}};at=R
r1777	6	112140122	+	6	112140123	-	aid=r1777;cn={'2': {'AA': 1, 'AB': 0, 'BA': 0, 'BB': 1}};at=R
r1778	6	112317415	+	6	112317416	-	aid=r1778;cn={'2': {'AA': 1, 'AB': 0, 'BA': 0, 'BB': 1}};at=R
r1779	6	112349999	+	6	112350000	-	aid=r1779;cn={'2': {'AA': 1, 'AB': 0, 'BA': 0, 'BB': 1}};at=R
r1780	6	112399999	+	6	112400000	-	aid=r1780;cn={'2': {'AA': 1, 'AB': 0, 'BA': 0, 'BB': 1}};at=R
r1781	6	112699999	+	6	112700000	-	aid=r1781;cn={'2': {'AA': 1, 'AB': 0, 'BA': 0, 'BB': 1}};at=R
r1782	6	112710549	+	6	112710550	-	aid=r1782;cn={'2': {'AA': 0, 'AB': 0, 'BA': 0, 'BB': 1}};at=R
r1783	6	112749999	+	6	112750000	-	aid=r1783;cn={'2': {'AA': 0, 'AB': 0, 'BA': 0, 'BB': 1}};at=R
r1784	6	112770094	+	6	112770095	-	aid=r1784;cn={'2': {'AA': 0, 'AB': 0, 'BA': 0, 'BB': 1}};at=R
r1785	6	113049999	+	6	113050000	-	aid=r1785;cn={'2': {'AA': 1, 'AB': 0, 'BA': 0, 'BB': 1}};at=R
r1786	6	113080100	+	6	113080101	-	aid=r1786;cn={'2': {'AA': 0, 'AB': 0, 'BA': 0, 'BB': 1}};at=R
r1787	6	113099999	+	6	113100000	-	aid=r1787;cn={'2': {'AA': 0, 'AB': 0, 'BA': 0, 'BB': 1}};at=R
r1788	6	113101494	+	6	113101495	-	aid=r1788;cn={'2': {'AA': 0, 'AB': 0, 'BA': 0, 'BB': 1}};at=R
r1789	6	113290613	+	6	113290614	-	aid=r1789;cn={'2': {'AA': 0, 'AB': 0, 'BA': 0, 'BB': 1}};at=R
r1790	6	113305018	+	6	113305019	-	aid=r1790;cn={'2': {'AA': 0, 'AB': 0, 'BA': 0, 'BB': 1}};at=R
r1791	6	113431902	+	6	113431903	-	aid=r1791;cn={'2': {'AA': 1, 'AB': 0, 'BA': 0, 'BB': 0}};at=R
r1792	6	113471607	+	6	113471608	-	aid=r1792;cn={'2': {'AA': 1, 'AB': 0, 'BA': 0, 'BB': 0}};at=R
r1793	6	113549999	+	6	113550000	-	aid=r1793;cn={'2': {'AA': 1, 'AB': 0, 'BA': 0, 'BB': 1}};at=R
r1794	6	113624999	+	6	113625000	-	aid=r1794;cn={'2': {'AA': 1, 'AB': 0, 'BA': 0, 'BB': 1}};at=R
r1795	6	113654174	+	6	113654175	-	aid=r1795;cn={'2': {'AA': 0, 'AB': 0, 'BA': 0, 'BB': 1}};at=R
r1796	6	113655544	+	6	113655545	-	aid=r1796;cn={'2': {'AA': 0, 'AB': 0, 'BA': 0, 'BB': 1}};at=R
r1797	6	114299999	+	6	114300000	-	aid=r1797;cn={'2': {'AA': 1, 'AB': 0, 'BA': 0, 'BB': 1}};at=R
r1798	6	114344076	+	6	114344077	-	aid=r1798;cn={'2': {'AA': 1, 'AB': 0, 'BA': 0, 'BB': 1}};at=R
r1799	6	114349999	+	6	114350000	-	aid=r1799;cn={'2': {'AA': 1, 'AB': 0, 'BA': 0, 'BB': 1}};at=R
r1800	6	114599999	+	6	114600000	-	aid=r1800;cn={'2': {'AA': 1, 'AB': 0, 'BA': 0, 'BB': 1}};at=R
r1801	6	114825703	+	6	114825704	-	aid=r1801;cn={'2': {'AA': 1, 'AB': 0, 'BA': 0, 'BB': 0}};at=R
r1802	6	114830484	+	6	114830485	-	aid=r1802;cn={'2': {'AA': 1, 'AB': 0, 'BA': 0, 'BB': 0}};at=R
r1803	6	114949999	+	6	114950000	-	aid=r1803;cn={'2': {'AA': 1, 'AB': 0, 'BA': 0, 'BB': 1}};at=R
r1804	6	114988664	+	6	114988665	-	aid=r1804;cn={'2': {'AA': 0, 'AB': 0, 'BA': 0, 'BB': 1}};at=R
r1805	6	114999999	+	6	115000000	-	aid=r1805;cn={'2': {'AA': 0, 'AB': 0, 'BA': 0, 'BB': 1}};at=R
r1806	6	115949999	+	6	115950000	-	aid=r1806;cn={'2': {'AA': 0, 'AB': 0, 'BA': 0, 'BB': 1}};at=R
r1807	6	115975842	+	6	115975843	-	aid=r1807;cn={'2': {'AA': 0, 'AB': 0, 'BA': 0, 'BB': 1}};at=R
r1808	6	115999999	+	6	116000000	-	aid=r1808;cn={'2': {'AA': 1, 'AB': 0, 'BA': 0, 'BB': 1}};at=R
r1809	6	116249999	+	6	116250000	-	aid=r1809;cn={'2': {'AA': 1, 'AB': 0, 'BA': 0, 'BB': 1}};at=R
r1810	6	116301366	+	6	116301367	-	aid=r1810;cn={'2': {'AA': 0, 'AB': 0, 'BA': 0, 'BB': 1}};at=R
r1811	6	116386552	+	6	116386553	-	aid=r1811;cn={'2': {'AA': 0, 'AB': 0, 'BA': 0, 'BB': 1}};at=R
r1812	6	116524999	+	6	116525000	-	aid=r1812;cn={'2': {'AA': 1, 'AB': 0, 'BA': 0, 'BB': 1}};at=R
r1813	6	116808000	+	6	116808001	-	aid=r1813;cn={'2': {'AA': 0, 'AB': 0, 'BA': 0, 'BB': 1}};at=R
r1814	6	116809919	+	6	116809920	-	aid=r1814;cn={'2': {'AA': 0, 'AB': 0, 'BA': 0, 'BB': 1}};at=R
r1815	6	117728469	+	6	117728470	-	aid=r1815;cn={'2': {'AA': 0, 'AB': 0, 'BA': 0, 'BB': 1}};at=R
r1816	6	117731567	+	6	117731568	-	aid=r1816;cn={'2': {'AA': 0, 'AB': 0, 'BA': 0, 'BB': 1}};at=R
r1817	6	117824896	+	6	117824897	-	aid=r1817;cn={'2': {'AA': 0, 'AB': 0, 'BA': 0, 'BB': 1}};at=R
r1818	6	117825004	+	6	117825005	-	aid=r1818;cn={'2': {'AA': 0, 'AB': 0, 'BA': 0, 'BB': 1}};at=R
r1819	6	117947925	+	6	117947926	-	aid=r1819;cn={'2': {'AA': 0, 'AB': 0, 'BA': 0, 'BB': 1}};at=R
r1820	6	117955937	+	6	117955938	-	aid=r1820;cn={'2': {'AA': 0, 'AB': 0, 'BA': 0, 'BB': 1}};at=R
r1821	6	118103826	+	6	118103827	-	aid=r1821;cn={'2': {'AA': 0, 'AB': 0, 'BA': 0, 'BB': 1}};at=R
r1822	6	118119466	+	6	118119467	-	aid=r1822;cn={'2': {'AA': 0, 'AB': 0, 'BA': 0, 'BB': 1}};at=R
r1823	6	118306113	+	6	118306114	-	aid=r1823;cn={'2': {'AA': 0, 'AB': 0, 'BA': 0, 'BB': 1}};at=R
r1824	6	118312290	+	6	118312291	-	aid=r1824;cn={'2': {'AA': 0, 'AB': 0, 'BA': 0, 'BB': 1}};at=R
r1825	6	118363882	+	6	118363883	-	aid=r1825;cn={'2': {'AA': 0, 'AB': 0, 'BA': 0, 'BB': 1}};at=R
r1826	6	118366471	+	6	118366472	-	aid=r1826;cn={'2': {'AA': 0, 'AB': 0, 'BA': 0, 'BB': 1}};at=R
r1827	6	118495778	+	6	118495779	-	aid=r1827;cn={'2': {'AA': 1, 'AB': 0, 'BA': 0, 'BB': 0}};at=R
r1828	6	118505327	+	6	118505328	-	aid=r1828;cn={'2': {'AA': 1, 'AB': 0, 'BA': 0, 'BB': 0}};at=R
r1829	6	126599999	+	6	126600000	-	aid=r1829;cn={'2': {'AA': 1, 'AB': 0, 'BA': 0, 'BB': 1}};at=R
r1830	6	126611704	+	6	126611705	-	aid=r1830;cn={'2': {'AA': 0, 'AB': 0, 'BA': 0, 'BB': 1}};at=R
r1831	6	130137826	+	6	130137827	-	aid=r1831;cn={'2': {'AA': 0, 'AB': 0, 'BA': 0, 'BB': 1}};at=R
r1832	6	130149999	+	6	130150000	-	aid=r1832;cn={'2': {'AA': 1, 'AB': 0, 'BA': 0, 'BB': 1}};at=R
r1833	6	131999999	+	6	132000000	-	aid=r1833;cn={'2': {'AA': 1, 'AB': 0, 'BA': 0, 'BB': 1}};at=R
r1834	6	132049999	+	6	132050000	-	aid=r1834;cn={'2': {'AA': 1, 'AB': 0, 'BA': 0, 'BB': 1}};at=R
r1835	6	150693714	+	6	150693715	-	aid=r1835;cn={'2': {'AA': 0, 'AB': 0, 'BA': 0, 'BB': 1}};at=R
r1836	6	150693819	+	6	150693820	-	aid=r1836;cn={'2': {'AA': 0, 'AB': 0, 'BA': 0, 'BB': 1}};at=R
r1837	6	151431966	+	6	151431967	-	aid=r1837;cn={'2': {'AA': 0, 'AB': 0, 'BA': 0, 'BB': 1}};at=R
r1838	6	151436115	+	6	151436116	-	aid=r1838;cn={'2': {'AA': 0, 'AB': 0, 'BA': 0, 'BB': 1}};at=R
r1839	6	151749999	+	6	151750000	-	aid=r1839;cn={'2': {'AA': 1, 'AB': 0, 'BA': 0, 'BB': 1}};at=R
r1840	6	152699999	+	6	152700000	-	aid=r1840;cn={'2': {'AA': 1, 'AB': 0, 'BA': 0, 'BB': 1}};at=R
r1841	6	152799999	+	6	152800000	-	aid=r1841;cn={'2': {'AA': 1, 'AB': 0, 'BA': 0, 'BB': 1}};at=R
r1842	6	152807465	+	6	152807466	-	aid=r1842;cn={'2': {'AA': 0, 'AB': 0, 'BA': 0, 'BB': 1}};at=R
r1843	7	4749999	+	7	4750000	-	aid=r1843;cn={'2': {'AA': 1, 'AB': 0, 'BA': 0, 'BB': 2}};at=R
r1844	7	4799999	+	7	4800000	-	aid=r1844;cn={'2': {'AA': 1, 'AB': 0, 'BA': 0, 'BB': 2}};at=R
r1845	7	27307186	+	7	27307187	-	aid=r1845;cn={'2': {'AA': 1, 'AB': 0, 'BA': 0, 'BB': 2}};at=R
r1846	7	31978847	+	7	31978848	-	aid=r1846;cn={'2': {'AA': 1, 'AB': 0, 'BA': 0, 'BB': 2}};at=R
r1847	7	31978934	+	7	31978935	-	aid=r1847;cn={'2': {'AA': 1, 'AB': 0, 'BA': 0, 'BB': 2}};at=R
r1848	7	32123529	+	7	32123530	-	aid=r1848;cn={'2': {'AA': 1, 'AB': 0, 'BA': 0, 'BB': 2}};at=R
r1849	7	32199999	+	7	32200000	-	aid=r1849;cn={'2': {'AA': 1, 'AB': 0, 'BA': 0, 'BB': 2}};at=R
r1850	7	32203688	+	7	32203689	-	aid=r1850;cn={'2': {'AA': 1, 'AB': 0, 'BA': 0, 'BB': 2}};at=R
r1851	7	39174999	+	7	39175000	-	aid=r1851;cn={'2': {'AA': 1, 'AB': 0, 'BA': 0, 'BB': 2}};at=R
r1852	7	47819323	+	7	47819324	-	aid=r1852;cn={'2': {'AA': 1, 'AB': 0, 'BA': 0, 'BB': 2}};at=R
r1853	7	47849999	+	7	47850000	-	aid=r1853;cn={'2': {'AA': 1, 'AB': 0, 'BA': 0, 'BB': 2}};at=R
r1854	7	47899999	+	7	47900000	-	aid=r1854;cn={'2': {'AA': 1, 'AB': 0, 'BA': 0, 'BB': 2}};at=R
r1855	7	47904076	+	7	47904077	-	aid=r1855;cn={'2': {'AA': 1, 'AB': 0, 'BA': 0, 'BB': 2}};at=R
r1856	7	48349999	+	7	48350000	-	aid=r1856;cn={'2': {'AA': 1, 'AB': 0, 'BA': 0, 'BB': 2}};at=R
r1857	7	48399999	+	7	48400000	-	aid=r1857;cn={'2': {'AA': 1, 'AB': 0, 'BA': 0, 'BB': 2}};at=R
r1858	7	49199999	+	7	49200000	-	aid=r1858;cn={'2': {'AA': 1, 'AB': 0, 'BA': 0, 'BB': 2}};at=R
r1859	7	49239691	+	7	49239692	-	aid=r1859;cn={'2': {'AA': 1, 'AB': 0, 'BA': 0, 'BB': 2}};at=R
r1860	7	49249999	+	7	49250000	-	aid=r1860;cn={'2': {'AA': 1, 'AB': 0, 'BA': 0, 'BB': 2}};at=R
r1861	7	49263865	+	7	49263866	-	aid=r1861;cn={'2': {'AA': 1, 'AB': 0, 'BA': 0, 'BB': 2}};at=R
r1862	7	49778227	+	7	49778228	-	aid=r1862;cn={'2': {'AA': 1, 'AB': 0, 'BA': 0, 'BB': 2}};at=R
r1863	7	49799999	+	7	49800000	-	aid=r1863;cn={'2': {'AA': 1, 'AB': 0, 'BA': 0, 'BB': 2}};at=R
r1864	7	49892939	+	7	49892940	-	aid=r1864;cn={'2': {'AA': 1, 'AB': 0, 'BA': 0, 'BB': 2}};at=R
r1865	7	49899999	+	7	49900000	-	aid=r1865;cn={'2': {'AA': 1, 'AB': 0, 'BA': 0, 'BB': 2}};at=R
r1866	7	50322096	+	7	50322097	-	aid=r1866;cn={'2': {'AA': 1, 'AB': 0, 'BA': 0, 'BB': 2}};at=R
r1867	7	50349999	+	7	50350000	-	aid=r1867;cn={'2': {'AA': 1, 'AB': 0, 'BA': 0, 'BB': 2}};at=R
r1868	7	50399999	+	7	50400000	-	aid=r1868;cn={'2': {'AA': 1, 'AB': 0, 'BA': 0, 'BB': 2}};at=R
r1869	7	50868744	+	7	50868745	-	aid=r1869;cn={'2': {'AA': 1, 'AB': 0, 'BA': 0, 'BB': 2}};at=R
r1870	7	51126998	+	7	51126999	-	aid=r1870;cn={'2': {'AA': 0, 'AB': 0, 'BA': 0, 'BB': 2}};at=R
r1871	7	51149999	+	7	51150000	-	aid=r1871;cn={'2': {'AA': 0, 'AB': 0, 'BA': 0, 'BB': 2}};at=R
r1872	7	54999999	+	7	55000000	-	aid=r1872;cn={'2': {'AA': 0, 'AB': 0, 'BA': 0, 'BB': 2}};at=R
r1873	7	55022896	+	7	55022897	-	aid=r1873;cn={'2': {'AA': 0, 'AB': 0, 'BA': 0, 'BB': 2}};at=R
r1874	7	55641448	+	7	55641449	-	aid=r1874;cn={'2': {'AA': 1, 'AB': 0, 'BA': 0, 'BB': 2}};at=R
r1875	7	55649999	+	7	55650000	-	aid=r1875;cn={'2': {'AA': 1, 'AB': 0, 'BA': 0, 'BB': 2}};at=R
r1876	7	55699999	+	7	55700000	-	aid=r1876;cn={'2': {'AA': 1, 'AB': 0, 'BA': 0, 'BB': 2}};at=R
r1877	7	56030483	+	7	56030484	-	aid=r1877;cn={'2': {'AA': 0, 'AB': 0, 'BA': 0, 'BB': 2}};at=R
r1878	7	56050323	+	7	56050324	-	aid=r1878;cn={'2': {'AA': 0, 'AB': 0, 'BA': 0, 'BB': 2}};at=R
r1879	7	56344155	+	7	56344156	-	aid=r1879;cn={'2': {'AA': 1, 'AB': 0, 'BA': 0, 'BB': 2}};at=R
r1880	7	56349999	+	7	56350000	-	aid=r1880;cn={'2': {'AA': 1, 'AB': 0, 'BA': 0, 'BB': 2}};at=R
r1881	7	56399999	+	7	56400000	-	aid=r1881;cn={'2': {'AA': 1, 'AB': 0, 'BA': 0, 'BB': 2}};at=R
r1882	7	56449999	+	7	56450000	-	aid=r1882;cn={'2': {'AA': 1, 'AB': 0, 'BA': 0, 'BB': 2}};at=R
r1883	7	56549999	+	7	56550000	-	aid=r1883;cn={'2': {'AA': 1, 'AB': 0, 'BA': 0, 'BB': 2}};at=R
r1884	7	56562402	+	7	56562403	-	aid=r1884;cn={'2': {'AA': 0, 'AB': 0, 'BA': 0, 'BB': 2}};at=R
r1885	7	56582045	+	7	56582046	-	aid=r1885;cn={'2': {'AA': 0, 'AB': 0, 'BA': 0, 'BB': 2}};at=R
r1886	7	56583803	+	7	56583804	-	aid=r1886;cn={'2': {'AA': 1, 'AB': 0, 'BA': 0, 'BB': 2}};at=R
r1887	7	56649999	+	7	56650000	-	aid=r1887;cn={'2': {'AA': 1, 'AB': 0, 'BA': 0, 'BB': 2}};at=R
r1888	7	56662573	+	7	56662574	-	aid=r1888;cn={'2': {'AA': 1, 'AB': 0, 'BA': 0, 'BB': 2}};at=R
r1889	7	56699999	+	7	56700000	-	aid=r1889;cn={'2': {'AA': 1, 'AB': 0, 'BA': 0, 'BB': 2}};at=R
r1890	7	56744090	+	7	56744091	-	aid=r1890;cn={'2': {'AA': 1, 'AB': 0, 'BA': 0, 'BB': 2}};at=R
r1891	7	56749999	+	7	56750000	-	aid=r1891;cn={'2': {'AA': 1, 'AB': 0, 'BA': 0, 'BB': 2}};at=R
r1892	7	56799999	+	7	56800000	-	aid=r1892;cn={'2': {'AA': 1, 'AB': 0, 'BA': 0, 'BB': 2}};at=R
r1893	7	56849999	+	7	56850000	-	aid=r1893;cn={'2': {'AA': 1, 'AB': 0, 'BA': 0, 'BB': 2}};at=R
r1894	7	56999999	+	7	57000000	-	aid=r1894;cn={'2': {'AA': 1, 'AB': 0, 'BA': 0, 'BB': 2}};at=R
r1895	7	57099999	+	7	57100000	-	aid=r1895;cn={'2': {'AA': 1, 'AB': 0, 'BA': 0, 'BB': 2}};at=R
r1896	7	57149999	+	7	57150000	-	aid=r1896;cn={'2': {'AA': 1, 'AB': 0, 'BA': 0, 'BB': 2}};at=R
r1897	7	61099999	+	7	61100000	-	aid=r1897;cn={'2': {'AA': 1, 'AB': 0, 'BA': 0, 'BB': 2}};at=R
r1898	7	61199999	+	7	61200000	-	aid=r1898;cn={'2': {'AA': 1, 'AB': 0, 'BA': 0, 'BB': 2}};at=R
r1899	7	61324999	+	7	61325000	-	aid=r1899;cn={'2': {'AA': 1, 'AB': 0, 'BA': 0, 'BB': 2}};at=R
r1900	7	61499999	+	7	61500000	-	aid=r1900;cn={'2': {'AA': 1, 'AB': 0, 'BA': 0, 'BB': 2}};at=R
r1901	7	62849999	+	7	62850000	-	aid=r1901;cn={'2': {'AA': 1, 'AB': 0, 'BA': 0, 'BB': 2}};at=R
r1902	7	62899999	+	7	62900000	-	aid=r1902;cn={'2': {'AA': 1, 'AB': 0, 'BA': 0, 'BB': 2}};at=R
r1903	7	62949999	+	7	62950000	-	aid=r1903;cn={'2': {'AA': 1, 'AB': 0, 'BA': 0, 'BB': 2}};at=R
r1904	7	62999999	+	7	63000000	-	aid=r1904;cn={'2': {'AA': 1, 'AB': 0, 'BA': 0, 'BB': 2}};at=R
r1905	7	63199999	+	7	63200000	-	aid=r1905;cn={'2': {'AA': 1, 'AB': 0, 'BA': 0, 'BB': 2}};at=R
r1906	7	63249999	+	7	63250000	-	aid=r1906;cn={'2': {'AA': 1, 'AB': 0, 'BA': 0, 'BB': 2}};at=R
r1907	7	64549999	+	7	64550000	-	aid=r1907;cn={'2': {'AA': 1, 'AB': 0, 'BA': 0, 'BB': 2}};at=R
r1908	7	64599999	+	7	64600000	-	aid=r1908;cn={'2': {'AA': 1, 'AB': 0, 'BA': 0, 'BB': 2}};at=R
r1909	7	74349999	+	7	74350000	-	aid=r1909;cn={'2': {'AA': 1, 'AB': 0, 'BA': 0, 'BB': 2}};at=R
r1910	7	74424999	+	7	74425000	-	aid=r1910;cn={'2': {'AA': 1, 'AB': 0, 'BA': 0, 'BB': 2}};at=R
r1911	7	74549999	+	7	74550000	-	aid=r1911;cn={'2': {'AA': 1, 'AB': 0, 'BA': 0, 'BB': 2}};at=R
r1912	7	74799999	+	7	74800000	-	aid=r1912;cn={'2': {'AA': 1, 'AB': 0, 'BA': 0, 'BB': 2}};at=R
r1913	7	75899999	+	7	75900000	-	aid=r1913;cn={'2': {'AA': 1, 'AB': 0, 'BA': 0, 'BB': 2}};at=R
r1914	7	75949999	+	7	75950000	-	aid=r1914;cn={'2': {'AA': 1, 'AB': 0, 'BA': 0, 'BB': 2}};at=R
r1915	7	76748333	+	7	76748334	-	aid=r1915;cn={'2': {'AA': 0, 'AB': 0, 'BA': 0, 'BB': 2}};at=R
r1916	7	76749999	+	7	76750000	-	aid=r1916;cn={'2': {'AA': 0, 'AB': 0, 'BA': 0, 'BB': 2}};at=R
r1917	7	82749999	+	7	82750000	-	aid=r1917;cn={'2': {'AA': 0, 'AB': 0, 'BA': 0, 'BB': 2}};at=R
r1918	7	82771272	+	7	82771273	-	aid=r1918;cn={'2': {'AA': 0, 'AB': 0, 'BA': 0, 'BB': 2}};at=R
r1919	7	82773021	+	7	82773022	-	aid=r1919;cn={'2': {'AA': 1, 'AB': 0, 'BA': 0, 'BB': 1}};at=R
r1920	7	82774780	+	7	82774781	-	aid=r1920;cn={'2': {'AA': 0, 'AB': 0, 'BA': 0, 'BB': 2}};at=R
r1921	7	82777687	+	7	82777688	-	aid=r1921;cn={'2': {'AA': 0, 'AB': 0, 'BA': 0, 'BB': 2}};at=R
r1922	7	82790380	+	7	82790381	-	aid=r1922;cn={'2': {'AA': 1, 'AB': 0, 'BA': 0, 'BB': 1}};at=R
r1923	7	82799454	+	7	82799455	-	aid=r1923;cn={'2': {'AA': 0, 'AB': 0, 'BA': 0, 'BB': 2}};at=R
r1924	7	82804411	+	7	82804412	-	aid=r1924;cn={'2': {'AA': 0, 'AB': 0, 'BA': 0, 'BB': 2}};at=R
r1925	7	82804412	+	7	82804413	-	aid=r1925;cn={'2': {'AA': 1, 'AB': 0, 'BA': 0, 'BB': 2}};at=R
r1926	7	84899999	+	7	84900000	-	aid=r1926;cn={'2': {'AA': 1, 'AB': 0, 'BA': 0, 'BB': 2}};at=R
r1927	7	84949999	+	7	84950000	-	aid=r1927;cn={'2': {'AA': 1, 'AB': 0, 'BA': 0, 'BB': 2}};at=R
r1928	7	85799297	+	7	85799298	-	aid=r1928;cn={'2': {'AA': 0, 'AB': 0, 'BA': 0, 'BB': 2}};at=R
r1929	7	85826942	+	7	85826943	-	aid=r1929;cn={'2': {'AA': 1, 'AB': 0, 'BA': 0, 'BB': 1}};at=R
r1930	7	85849999	+	7	85850000	-	aid=r1930;cn={'2': {'AA': 1, 'AB': 0, 'BA': 0, 'BB': 2}};at=R
r1931	7	85866150	+	7	85866151	-	aid=r1931;cn={'2': {'AA': 0, 'AB': 0, 'BA': 0, 'BB': 2}};at=R
r1932	7	85899999	+	7	85900000	-	aid=r1932;cn={'2': {'AA': 0, 'AB': 0, 'BA': 0, 'BB': 2}};at=R
r1933	7	86213358	+	7	86213359	-	aid=r1933;cn={'2': {'AA': 0, 'AB': 0, 'BA': 0, 'BB': 2}};at=R
r1934	7	86218473	+	7	86218474	-	aid=r1934;cn={'2': {'AA': 0, 'AB': 0, 'BA': 0, 'BB': 2}};at=R
r1935	7	86218584	+	7	86218585	-	aid=r1935;cn={'2': {'AA': 0, 'AB': 0, 'BA': 0, 'BB': 1}};at=R
r1936	7	86220315	+	7	86220316	-	aid=r1936;cn={'2': {'AA': 0, 'AB': 0, 'BA': 0, 'BB': 1}};at=R
r1937	7	86221444	+	7	86221445	-	aid=r1937;cn={'2': {'AA': 0, 'AB': 0, 'BA': 0, 'BB': 1}};at=R
r1938	7	86247127	+	7	86247128	-	aid=r1938;cn={'2': {'AA': 0, 'AB': 0, 'BA': 0, 'BB': 1}};at=R
r1939	7	86247234	+	7	86247235	-	aid=r1939;cn={'2': {'AA': 0, 'AB': 0, 'BA': 0, 'BB': 2}};at=R
r1940	7	86249999	+	7	86250000	-	aid=r1940;cn={'2': {'AA': 1, 'AB': 0, 'BA': 0, 'BB': 2}};at=R
r1941	7	86252844	+	7	86252845	-	aid=r1941;cn={'2': {'AA': 1, 'AB': 0, 'BA': 0, 'BB': 1}};at=R
r1942	7	87818127	+	7	87818128	-	aid=r1942;cn={'2': {'AA': 1, 'AB': 0, 'BA': 0, 'BB': 0}};at=R
r1943	7	87849999	+	7	87850000	-	aid=r1943;cn={'2': {'AA': 1, 'AB': 0, 'BA': 0, 'BB': 2}};at=R
r1944	7	87850105	+	7	87850106	-	aid=r1944;cn={'2': {'AA': 0, 'AB': 0, 'BA': 0, 'BB': 2}};at=R
r1945	7	91349999	+	7	91350000	-	aid=r1945;cn={'2': {'AA': 0, 'AB': 0, 'BA': 0, 'BB': 2}};at=R
r1946	7	91363063	+	7	91363064	-	aid=r1946;cn={'2': {'AA': 0, 'AB': 0, 'BA': 0, 'BB': 2}};at=R
r1947	7	97849999	+	7	97850000	-	aid=r1947;cn={'2': {'AA': 1, 'AB': 0, 'BA': 0, 'BB': 2}};at=R
r1948	7	97899999	+	7	97900000	-	aid=r1948;cn={'2': {'AA': 1, 'AB': 0, 'BA': 0, 'BB': 2}};at=R
r1949	7	100849999	+	7	100850000	-	aid=r1949;cn={'2': {'AA': 1, 'AB': 0, 'BA': 0, 'BB': 2}};at=R
r1950	7	100899999	+	7	100900000	-	aid=r1950;cn={'2': {'AA': 1, 'AB': 0, 'BA': 0, 'BB': 2}};at=R
r1951	7	102392746	+	7	102392747	-	aid=r1951;cn={'2': {'AA': 1, 'AB': 0, 'BA': 0, 'BB': 2}};at=R
r1952	7	107621576	+	7	107621577	-	aid=r1952;cn={'2': {'AA': 1, 'AB': 0, 'BA': 0, 'BB': 1}};at=R
r1953	7	107624986	+	7	107624987	-	aid=r1953;cn={'2': {'AA': 1, 'AB': 0, 'BA': 0, 'BB': 1}};at=R
r1954	7	108794043	+	7	108794044	-	aid=r1954;cn={'2': {'AA': 1, 'AB': 0, 'BA': 0, 'BB': 2}};at=R
r1955	7	111222290	+	7	111222291	-	aid=r1955;cn={'2': {'AA': 1, 'AB': 0, 'BA': 0, 'BB': 1}};at=R
r1956	7	111222487	+	7	111222488	-	aid=r1956;cn={'2': {'AA': 1, 'AB': 0, 'BA': 0, 'BB': 1}};at=R
r1957	7	125799046	+	7	125799047	-	aid=r1957;cn={'2': {'AA': 1, 'AB': 0, 'BA': 0, 'BB': 1}};at=R
r1958	7	125815529	+	7	125815530	-	aid=r1958;cn={'2': {'AA': 1, 'AB': 0, 'BA': 0, 'BB': 1}};at=R
r1959	7	138863261	+	7	138863262	-	aid=r1959;cn={'2': {'AA': 1, 'AB': 0, 'BA': 0, 'BB': 2}};at=R
r1960	7	141334166	+	7	141334167	-	aid=r1960;cn={'2': {'AA': 1, 'AB': 0, 'BA': 0, 'BB': 2}};at=R
r1961	7	142049999	+	7	142050000	-	aid=r1961;cn={'2': {'AA': 1, 'AB': 0, 'BA': 0, 'BB': 2}};at=R
r1962	7	142099999	+	7	142100000	-	aid=r1962;cn={'2': {'AA': 1, 'AB': 0, 'BA': 0, 'BB': 2}};at=R
r1963	7	143499999	+	7	143500000	-	aid=r1963;cn={'2': {'AA': 1, 'AB': 0, 'BA': 0, 'BB': 2}};at=R
r1964	7	143549999	+	7	143550000	-	aid=r1964;cn={'2': {'AA': 1, 'AB': 0, 'BA': 0, 'BB': 2}};at=R
r1965	7	145649999	+	7	145650000	-	aid=r1965;cn={'2': {'AA': 1, 'AB': 0, 'BA': 0, 'BB': 2}};at=R
r1966	7	145699999	+	7	145700000	-	aid=r1966;cn={'2': {'AA': 1, 'AB': 0, 'BA': 0, 'BB': 2}};at=R
r1967	7	149824369	+	7	149824370	-	aid=r1967;cn={'2': {'AA': 1, 'AB': 0, 'BA': 0, 'BB': 2}};at=R
r1968	7	153148790	+	7	153148791	-	aid=r1968;cn={'2': {'AA': 1, 'AB': 0, 'BA': 0, 'BB': 1}};at=R
r1969	7	153148791	+	7	153148792	-	aid=r1969;cn={'2': {'AA': 1, 'AB': 0, 'BA': 0, 'BB': 1}};at=R
r1970	7	153670625	+	7	153670626	-	aid=r1970;cn={'2': {'AA': 1, 'AB': 0, 'BA': 0, 'BB': 1}};at=R
r1971	7	153699999	+	7	153700000	-	aid=r1971;cn={'2': {'AA': 2, 'AB': 0, 'BA': 0, 'BB': 1}};at=R
r1972	7	153749999	+	7	153750000	-	aid=r1972;cn={'2': {'AA': 2, 'AB': 0, 'BA': 0, 'BB': 1}};at=R
r1973	7	153799999	+	7	153800000	-	aid=r1973;cn={'2': {'AA': 2, 'AB': 0, 'BA': 0, 'BB': 1}};at=R
r1974	7	153849999	+	7	153850000	-	aid=r1974;cn={'2': {'AA': 2, 'AB': 0, 'BA': 0, 'BB': 1}};at=R
r1975	8	149999	+	8	150000	-	aid=r1975;cn={'2': {'AA': 1, 'AB': 0, 'BA': 0, 'BB': 1}};at=R
r1976	8	349999	+	8	350000	-	aid=r1976;cn={'2': {'AA': 1, 'AB': 0, 'BA': 0, 'BB': 1}};at=R
r1977	8	449999	+	8	450000	-	aid=r1977;cn={'2': {'AA': 1, 'AB': 0, 'BA': 0, 'BB': 1}};at=R
r1978	8	1749999	+	8	1750000	-	aid=r1978;cn={'2': {'AA': 1, 'AB': 0, 'BA': 0, 'BB': 1}};at=R
r1979	8	1799999	+	8	1800000	-	aid=r1979;cn={'2': {'AA': 1, 'AB': 0, 'BA': 0, 'BB': 1}};at=R
r1980	8	6849999	+	8	6850000	-	aid=r1980;cn={'2': {'AA': 1, 'AB': 0, 'BA': 0, 'BB': 1}};at=R
r1981	8	6899999	+	8	6900000	-	aid=r1981;cn={'2': {'AA': 1, 'AB': 0, 'BA': 0, 'BB': 1}};at=R
r1982	8	6999999	+	8	7000000	-	aid=r1982;cn={'2': {'AA': 1, 'AB': 0, 'BA': 0, 'BB': 1}};at=R
r1983	8	7049999	+	8	7050000	-	aid=r1983;cn={'2': {'AA': 1, 'AB': 0, 'BA': 0, 'BB': 1}};at=R
r1984	8	7249999	+	8	7250000	-	aid=r1984;cn={'2': {'AA': 1, 'AB': 0, 'BA': 0, 'BB': 1}};at=R
r1985	8	7299999	+	8	7300000	-	aid=r1985;cn={'2': {'AA': 1, 'AB': 0, 'BA': 0, 'BB': 1}};at=R
r1986	8	7349999	+	8	7350000	-	aid=r1986;cn={'2': {'AA': 1, 'AB': 0, 'BA': 0, 'BB': 1}};at=R
r1987	8	7399999	+	8	7400000	-	aid=r1987;cn={'2': {'AA': 1, 'AB': 0, 'BA': 0, 'BB': 1}};at=R
r1988	8	7449999	+	8	7450000	-	aid=r1988;cn={'2': {'AA': 1, 'AB': 0, 'BA': 0, 'BB': 1}};at=R
r1989	8	7499999	+	8	7500000	-	aid=r1989;cn={'2': {'AA': 1, 'AB': 0, 'BA': 0, 'BB': 1}};at=R
r1990	8	7574999	+	8	7575000	-	aid=r1990;cn={'2': {'AA': 1, 'AB': 0, 'BA': 0, 'BB': 1}};at=R
r1991	8	7699999	+	8	7700000	-	aid=r1991;cn={'2': {'AA': 1, 'AB': 0, 'BA': 0, 'BB': 1}};at=R
r1992	8	7899999	+	8	7900000	-	aid=r1992;cn={'2': {'AA': 1, 'AB': 0, 'BA': 0, 'BB': 1}};at=R
r1993	8	7999999	+	8	8000000	-	aid=r1993;cn={'2': {'AA': 1, 'AB': 0, 'BA': 0, 'BB': 1}};at=R
r1994	8	8049999	+	8	8050000	-	aid=r1994;cn={'2': {'AA': 1, 'AB': 0, 'BA': 0, 'BB': 1}};at=R
r1995	8	8249999	+	8	8250000	-	aid=r1995;cn={'2': {'AA': 1, 'AB': 0, 'BA': 0, 'BB': 1}};at=R
r1996	8	11999999	+	8	12000000	-	aid=r1996;cn={'2': {'AA': 1, 'AB': 0, 'BA': 0, 'BB': 1}};at=R
r1997	8	12049999	+	8	12050000	-	aid=r1997;cn={'2': {'AA': 1, 'AB': 0, 'BA': 0, 'BB': 1}};at=R
r1998	8	12099999	+	8	12100000	-	aid=r1998;cn={'2': {'AA': 1, 'AB': 0, 'BA': 0, 'BB': 1}};at=R
r1999	8	12199999	+	8	12200000	-	aid=r1999;cn={'2': {'AA': 1, 'AB': 0, 'BA': 0, 'BB': 1}};at=R
r2000	8	12249999	+	8	12250000	-	aid=r2000;cn={'2': {'AA': 1, 'AB': 0, 'BA': 0, 'BB': 1}};at=R
r2001	8	12299999	+	8	12300000	-	aid=r2001;cn={'2': {'AA': 1, 'AB': 0, 'BA': 0, 'BB': 1}};at=R
r2002	8	12449999	+	8	12450000	-	aid=r2002;cn={'2': {'AA': 1, 'AB': 0, 'BA': 0, 'BB': 1}};at=R
r2003	8	12499999	+	8	12500000	-	aid=r2003;cn={'2': {'AA': 1, 'AB': 0, 'BA': 0, 'BB': 1}};at=R
r2004	8	13066819	+	8	13066820	-	aid=r2004;cn={'2': {'AA': 0, 'AB': 0, 'BA': 0, 'BB': 1}};at=R
r2005	8	13074357	+	8	13074358	-	aid=r2005;cn={'2': {'AA': 0, 'AB': 0, 'BA': 0, 'BB': 1}};at=R
r2006	8	34649999	+	8	34650000	-	aid=r2006;cn={'2': {'AA': 1, 'AB': 0, 'BA': 0, 'BB': 1}};at=R
r2007	8	37649999	+	8	37650000	-	aid=r2007;cn={'2': {'AA': 1, 'AB': 0, 'BA': 0, 'BB': 1}};at=R
r2008	8	37699999	+	8	37700000	-	aid=r2008;cn={'2': {'AA': 1, 'AB': 0, 'BA': 0, 'BB': 1}};at=R
r2009	8	38045417	+	8	38045418	-	aid=r2009;cn={'2': {'AA': 1, 'AB': 0, 'BA': 0, 'BB': 1}};at=R
r2010	8	39607522	+	8	39607523	-	aid=r2010;cn={'2': {'AA': 4, 'AB': 0, 'BA': 0, 'BB': 1}};at=R
r2011	8	39611984	+	8	39611985	-	aid=r2011;cn={'2': {'AA': 4, 'AB': 0, 'BA': 0, 'BB': 1}};at=R
r2012	8	39612094	+	8	39612095	-	aid=r2012;cn={'2': {'AA': 3, 'AB': 0, 'BA': 0, 'BB': 1}};at=R
r2013	8	39613654	+	8	39613655	-	aid=r2013;cn={'2': {'AA': 3, 'AB': 0, 'BA': 0, 'BB': 1}};at=R
r2014	8	39767718	+	8	39767719	-	aid=r2014;cn={'2': {'AA': 3, 'AB': 0, 'BA': 0, 'BB': 1}};at=R
r2015	8	39806651	+	8	39806652	-	aid=r2015;cn={'2': {'AA': 3, 'AB': 0, 'BA': 0, 'BB': 1}};at=R
r2016	8	39853463	+	8	39853464	-	aid=r2016;cn={'2': {'AA': 3, 'AB': 0, 'BA': 0, 'BB': 1}};at=R
r2017	8	39915743	+	8	39915744	-	aid=r2017;cn={'2': {'AA': 3, 'AB': 0, 'BA': 0, 'BB': 1}};at=R
r2018	8	39917235	+	8	39917236	-	aid=r2018;cn={'2': {'AA': 4, 'AB': 0, 'BA': 0, 'BB': 1}};at=R
r2019	8	39917338	+	8	39917339	-	aid=r2019;cn={'2': {'AA': 4, 'AB': 0, 'BA': 0, 'BB': 0}};at=R
r2020	8	39953805	+	8	39953806	-	aid=r2020;cn={'2': {'AA': 4, 'AB': 0, 'BA': 0, 'BB': 0}};at=R
r2021	8	40509605	+	8	40509606	-	aid=r2021;cn={'2': {'AA': 1, 'AB': 0, 'BA': 0, 'BB': 1}};at=R
r2022	8	40509733	+	8	40509734	-	aid=r2022;cn={'2': {'AA': 1, 'AB': 0, 'BA': 0, 'BB': 1}};at=R
r2023	8	40510741	+	8	40510742	-	aid=r2023;cn={'2': {'AA': 2, 'AB': 0, 'BA': 0, 'BB': 1}};at=R
r2024	8	40510814	+	8	40510815	-	aid=r2024;cn={'2': {'AA': 2, 'AB': 0, 'BA': 0, 'BB': 1}};at=R
r2025	8	40510894	+	8	40510895	-	aid=r2025;cn={'2': {'AA': 2, 'AB': 0, 'BA': 0, 'BB': 1}};at=R
r2026	8	40511758	+	8	40511759	-	aid=r2026;cn={'2': {'AA': 4, 'AB': 0, 'BA': 0, 'BB': 1}};at=R
r2027	8	40513769	+	8	40513770	-	aid=r2027;cn={'2': {'AA': 4, 'AB': 0, 'BA': 0, 'BB': 1}};at=R
r2028	8	40514367	+	8	40514368	-	aid=r2028;cn={'2': {'AA': 5, 'AB': 0, 'BA': 0, 'BB': 1}};at=R
r2029	8	40514371	+	8	40514372	-	aid=r2029;cn={'2': {'AA': 2, 'AB': 0, 'BA': 0, 'BB': 1}};at=R
r2030	8	40519105	+	8	40519106	-	aid=r2030;cn={'2': {'AA': 2, 'AB': 0, 'BA': 0, 'BB': 1}};at=R
r2031	8	40519291	+	8	40519292	-	aid=r2031;cn={'2': {'AA': 3, 'AB': 0, 'BA': 0, 'BB': 0}};at=R
r2032	8	40519869	+	8	40519870	-	aid=r2032;cn={'2': {'AA': 2, 'AB': 0, 'BA': 0, 'BB': 0}};at=R
r2033	8	40883539	+	8	40883540	-	aid=r2033;cn={'2': {'AA': 2, 'AB': 0, 'BA': 0, 'BB': 0}};at=R
r2034	8	41156900	+	8	41156901	-	aid=r2034;cn={'2': {'AA': 2, 'AB': 0, 'BA': 0, 'BB': 1}};at=R
r2035	8	41157095	+	8	41157096	-	aid=r2035;cn={'2': {'AA': 2, 'AB': 0, 'BA': 0, 'BB': 1}};at=R
r2036	8	41236241	+	8	41236242	-	aid=r2036;cn={'2': {'AA': 2, 'AB': 0, 'BA': 0, 'BB': 1}};at=R
r2037	8	41236585	+	8	41236586	-	aid=r2037;cn={'2': {'AA': 1, 'AB': 0, 'BA': 0, 'BB': 1}};at=R
r2038	8	41238741	+	8	41238742	-	aid=r2038;cn={'2': {'AA': 1, 'AB': 0, 'BA': 0, 'BB': 1}};at=R
r2039	8	42199207	+	8	42199208	-	aid=r2039;cn={'2': {'AA': 2, 'AB': 0, 'BA': 0, 'BB': 0}};at=R
r2040	8	42199999	+	8	42200000	-	aid=r2040;cn={'2': {'AA': 2, 'AB': 0, 'BA': 0, 'BB': 0}};at=R
r2041	8	42499999	+	8	42500000	-	aid=r2041;cn={'2': {'AA': 2, 'AB': 0, 'BA': 0, 'BB': 0}};at=R
r2042	8	42533088	+	8	42533089	-	aid=r2042;cn={'2': {'AA': 2, 'AB': 0, 'BA': 0, 'BB': 0}};at=R
r2043	8	42699999	+	8	42700000	-	aid=r2043;cn={'2': {'AA': 2, 'AB': 0, 'BA': 0, 'BB': 1}};at=R
r2044	8	42749999	+	8	42750000	-	aid=r2044;cn={'2': {'AA': 2, 'AB': 0, 'BA': 0, 'BB': 1}};at=R
r2045	8	42799999	+	8	42800000	-	aid=r2045;cn={'2': {'AA': 2, 'AB': 0, 'BA': 0, 'BB': 1}};at=R
r2046	8	42849999	+	8	42850000	-	aid=r2046;cn={'2': {'AA': 2, 'AB': 0, 'BA': 0, 'BB': 1}};at=R
r2047	8	42899999	+	8	42900000	-	aid=r2047;cn={'2': {'AA': 2, 'AB': 0, 'BA': 0, 'BB': 1}};at=R
r2048	8	43049999	+	8	43050000	-	aid=r2048;cn={'2': {'AA': 2, 'AB': 0, 'BA': 0, 'BB': 1}};at=R
r2049	8	43499999	+	8	43500000	-	aid=r2049;cn={'2': {'AA': 2, 'AB': 0, 'BA': 0, 'BB': 1}};at=R
r2050	8	43799999	+	8	43800000	-	aid=r2050;cn={'2': {'AA': 2, 'AB': 0, 'BA': 0, 'BB': 1}};at=R
r2051	8	46849999	+	8	46850000	-	aid=r2051;cn={'2': {'AA': 2, 'AB': 0, 'BA': 0, 'BB': 1}};at=R
r2052	8	46899999	+	8	46900000	-	aid=r2052;cn={'2': {'AA': 2, 'AB': 0, 'BA': 0, 'BB': 1}};at=R
r2053	8	46999999	+	8	47000000	-	aid=r2053;cn={'2': {'AA': 2, 'AB': 0, 'BA': 0, 'BB': 1}};at=R
r2054	8	47049999	+	8	47050000	-	aid=r2054;cn={'2': {'AA': 2, 'AB': 0, 'BA': 0, 'BB': 1}};at=R
r2055	8	47099999	+	8	47100000	-	aid=r2055;cn={'2': {'AA': 2, 'AB': 0, 'BA': 0, 'BB': 1}};at=R
r2056	8	47199999	+	8	47200000	-	aid=r2056;cn={'2': {'AA': 2, 'AB': 0, 'BA': 0, 'BB': 1}};at=R
r2057	8	47299999	+	8	47300000	-	aid=r2057;cn={'2': {'AA': 2, 'AB': 0, 'BA': 0, 'BB': 1}};at=R
r2058	8	47349999	+	8	47350000	-	aid=r2058;cn={'2': {'AA': 2, 'AB': 0, 'BA': 0, 'BB': 1}};at=R
r2059	8	49049999	+	8	49050000	-	aid=r2059;cn={'2': {'AA': 2, 'AB': 0, 'BA': 0, 'BB': 1}};at=R
r2060	8	49099999	+	8	49100000	-	aid=r2060;cn={'2': {'AA': 2, 'AB': 0, 'BA': 0, 'BB': 1}};at=R
r2061	8	50299999	+	8	50300000	-	aid=r2061;cn={'2': {'AA': 2, 'AB': 0, 'BA': 0, 'BB': 1}};at=R
r2062	8	50349999	+	8	50350000	-	aid=r2062;cn={'2': {'AA': 2, 'AB': 0, 'BA': 0, 'BB': 1}};at=R
r2063	8	51277951	+	8	51277952	-	aid=r2063;cn={'2': {'AA': 0, 'AB': 0, 'BA': 0, 'BB': 1}};at=R
r2064	8	51293656	+	8	51293657	-	aid=r2064;cn={'2': {'AA': 0, 'AB': 0, 'BA': 0, 'BB': 1}};at=R
r2065	8	51554045	+	8	51554046	-	aid=r2065;cn={'2': {'AA': 2, 'AB': 0, 'BA': 0, 'BB': 0}};at=R
r2066	8	51556822	+	8	51556823	-	aid=r2066;cn={'2': {'AA': 2, 'AB': 0, 'BA': 0, 'BB': 0}};at=R
r2067	8	51902897	+	8	51902898	-	aid=r2067;cn={'2': {'AA': 1, 'AB': 0, 'BA': 0, 'BB': 1}};at=R
r2068	8	51919885	+	8	51919886	-	aid=r2068;cn={'2': {'AA': 1, 'AB': 0, 'BA': 0, 'BB': 1}};at=R
r2069	8	52875228	+	8	52875229	-	aid=r2069;cn={'2': {'AA': 0, 'AB': 0, 'BA': 0, 'BB': 1}};at=R
r2070	8	52888675	+	8	52888676	-	aid=r2070;cn={'2': {'AA': 0, 'AB': 0, 'BA': 0, 'BB': 1}};at=R
r2071	8	53342040	+	8	53342041	-	aid=r2071;cn={'2': {'AA': 1, 'AB': 0, 'BA': 0, 'BB': 1}};at=R
r2072	8	53355416	+	8	53355417	-	aid=r2072;cn={'2': {'AA': 1, 'AB': 0, 'BA': 0, 'BB': 1}};at=R
r2073	8	53399999	+	8	53400000	-	aid=r2073;cn={'2': {'AA': 3, 'AB': 0, 'BA': 0, 'BB': 1}};at=R
r2074	8	53407075	+	8	53407076	-	aid=r2074;cn={'2': {'AA': 2, 'AB': 0, 'BA': 0, 'BB': 1}};at=R
r2075	8	53440765	+	8	53440766	-	aid=r2075;cn={'2': {'AA': 2, 'AB': 0, 'BA': 0, 'BB': 1}};at=R
r2076	8	53449999	+	8	53450000	-	aid=r2076;cn={'2': {'AA': 3, 'AB': 0, 'BA': 0, 'BB': 1}};at=R
r2077	8	55373516	+	8	55373517	-	aid=r2077;cn={'2': {'AA': 1, 'AB': 0, 'BA': 0, 'BB': 1}};at=R
r2078	8	55390288	+	8	55390289	-	aid=r2078;cn={'2': {'AA': 1, 'AB': 0, 'BA': 0, 'BB': 1}};at=R
r2079	8	55517397	+	8	55517398	-	aid=r2079;cn={'2': {'AA': 2, 'AB': 0, 'BA': 0, 'BB': 1}};at=R
r2080	8	55520984	+	8	55520985	-	aid=r2080;cn={'2': {'AA': 0, 'AB': 0, 'BA': 0, 'BB': 1}};at=R
r2081	8	55540171	+	8	55540172	-	aid=r2081;cn={'2': {'AA': 0, 'AB': 0, 'BA': 0, 'BB': 1}};at=R
r2082	8	55897618	+	8	55897619	-	aid=r2082;cn={'2': {'AA': 1, 'AB': 0, 'BA': 0, 'BB': 0}};at=R
r2083	8	55899999	+	8	55900000	-	aid=r2083;cn={'2': {'AA': 1, 'AB': 0, 'BA': 0, 'BB': 0}};at=R
r2084	8	55949488	+	8	55949489	-	aid=r2084;cn={'2': {'AA': 1, 'AB': 0, 'BA': 0, 'BB': 0}};at=R
r2085	8	55949999	+	8	55950000	-	aid=r2085;cn={'2': {'AA': 1, 'AB': 0, 'BA': 0, 'BB': 3}};at=R
r2086	8	56047626	+	8	56047627	-	aid=r2086;cn={'2': {'AA': 1, 'AB': 0, 'BA': 0, 'BB': 2}};at=R
r2087	8	56049999	+	8	56050000	-	aid=r2087;cn={'2': {'AA': 1, 'AB': 0, 'BA': 0, 'BB': 2}};at=R
r2088	8	56074969	+	8	56074970	-	aid=r2088;cn={'2': {'AA': 1, 'AB': 0, 'BA': 0, 'BB': 2}};at=R
r2089	8	56099999	+	8	56100000	-	aid=r2089;cn={'2': {'AA': 1, 'AB': 0, 'BA': 0, 'BB': 3}};at=R
r2090	8	56148505	+	8	56148506	-	aid=r2090;cn={'2': {'AA': 1, 'AB': 0, 'BA': 0, 'BB': 2}};at=R
r2091	8	56172934	+	8	56172935	-	aid=r2091;cn={'2': {'AA': 1, 'AB': 0, 'BA': 0, 'BB': 2}};at=R
r2092	8	56235163	+	8	56235164	-	aid=r2092;cn={'2': {'AA': 1, 'AB': 0, 'BA': 0, 'BB': 3}};at=R
r2093	8	56384616	+	8	56384617	-	aid=r2093;cn={'2': {'AA': 0, 'AB': 0, 'BA': 0, 'BB': 3}};at=R
r2094	8	56406826	+	8	56406827	-	aid=r2094;cn={'2': {'AA': 0, 'AB': 0, 'BA': 0, 'BB': 3}};at=R
r2095	8	56511136	+	8	56511137	-	aid=r2095;cn={'2': {'AA': 0, 'AB': 0, 'BA': 0, 'BB': 3}};at=R
r2096	8	56527309	+	8	56527310	-	aid=r2096;cn={'2': {'AA': 0, 'AB': 0, 'BA': 0, 'BB': 3}};at=R
r2097	8	57053435	+	8	57053436	-	aid=r2097;cn={'2': {'AA': 0, 'AB': 0, 'BA': 0, 'BB': 3}};at=R
r2098	8	57067125	+	8	57067126	-	aid=r2098;cn={'2': {'AA': 0, 'AB': 0, 'BA': 0, 'BB': 3}};at=R
r2099	8	57328123	+	8	57328124	-	aid=r2099;cn={'2': {'AA': 1, 'AB': 0, 'BA': 0, 'BB': 2}};at=R
r2100	8	57333559	+	8	57333560	-	aid=r2100;cn={'2': {'AA': 1, 'AB': 0, 'BA': 0, 'BB': 2}};at=R
r2101	8	57648108	+	8	57648109	-	aid=r2101;cn={'2': {'AA': 1, 'AB': 0, 'BA': 0, 'BB': 2}};at=R
r2102	8	57654768	+	8	57654769	-	aid=r2102;cn={'2': {'AA': 1, 'AB': 0, 'BA': 0, 'BB': 2}};at=R
r2103	8	57771198	+	8	57771199	-	aid=r2103;cn={'2': {'AA': 1, 'AB': 0, 'BA': 0, 'BB': 2}};at=R
r2104	8	57785388	+	8	57785389	-	aid=r2104;cn={'2': {'AA': 1, 'AB': 0, 'BA': 0, 'BB': 2}};at=R
r2105	8	58345242	+	8	58345243	-	aid=r2105;cn={'2': {'AA': 1, 'AB': 0, 'BA': 0, 'BB': 1}};at=R
r2106	8	58349999	+	8	58350000	-	aid=r2106;cn={'2': {'AA': 1, 'AB': 0, 'BA': 0, 'BB': 1}};at=R
r2107	8	58392541	+	8	58392542	-	aid=r2107;cn={'2': {'AA': 1, 'AB': 0, 'BA': 0, 'BB': 1}};at=R
r2108	8	58399999	+	8	58400000	-	aid=r2108;cn={'2': {'AA': 1, 'AB': 0, 'BA': 0, 'BB': 3}};at=R
r2109	8	60368738	+	8	60368739	-	aid=r2109;cn={'2': {'AA': 1, 'AB': 0, 'BA': 0, 'BB': 2}};at=R
r2110	8	60370674	+	8	60370675	-	aid=r2110;cn={'2': {'AA': 1, 'AB': 0, 'BA': 0, 'BB': 2}};at=R
r2111	8	61915684	+	8	61915685	-	aid=r2111;cn={'2': {'AA': 0, 'AB': 0, 'BA': 0, 'BB': 3}};at=R
r2112	8	61924507	+	8	61924508	-	aid=r2112;cn={'2': {'AA': 0, 'AB': 0, 'BA': 0, 'BB': 3}};at=R
r2113	8	63490683	+	8	63490684	-	aid=r2113;cn={'2': {'AA': 0, 'AB': 0, 'BA': 0, 'BB': 3}};at=R
r2114	8	63492231	+	8	63492232	-	aid=r2114;cn={'2': {'AA': 1, 'AB': 0, 'BA': 0, 'BB': 2}};at=R
r2115	8	63492920	+	8	63492921	-	aid=r2115;cn={'2': {'AA': 1, 'AB': 0, 'BA': 0, 'BB': 2}};at=R
r2116	8	73353671	+	8	73353672	-	aid=r2116;cn={'2': {'AA': 1, 'AB': 0, 'BA': 0, 'BB': 2}};at=R
r2117	8	73355724	+	8	73355725	-	aid=r2117;cn={'2': {'AA': 1, 'AB': 0, 'BA': 0, 'BB': 2}};at=R
r2118	8	73458968	+	8	73458969	-	aid=r2118;cn={'2': {'AA': 1, 'AB': 0, 'BA': 0, 'BB': 2}};at=R
r2119	8	73475320	+	8	73475321	-	aid=r2119;cn={'2': {'AA': 1, 'AB': 0, 'BA': 0, 'BB': 2}};at=R
r2120	8	73838214	+	8	73838215	-	aid=r2120;cn={'2': {'AA': 1, 'AB': 0, 'BA': 0, 'BB': 2}};at=R
r2121	8	73849999	+	8	73850000	-	aid=r2121;cn={'2': {'AA': 1, 'AB': 0, 'BA': 0, 'BB': 2}};at=R
r2122	8	73882580	+	8	73882581	-	aid=r2122;cn={'2': {'AA': 1, 'AB': 0, 'BA': 0, 'BB': 2}};at=R
r2123	8	73899999	+	8	73900000	-	aid=r2123;cn={'2': {'AA': 1, 'AB': 0, 'BA': 0, 'BB': 3}};at=R
r2124	8	73987781	+	8	73987782	-	aid=r2124;cn={'2': {'AA': 1, 'AB': 0, 'BA': 0, 'BB': 2}};at=R
r2125	8	73999999	+	8	74000000	-	aid=r2125;cn={'2': {'AA': 1, 'AB': 0, 'BA': 0, 'BB': 2}};at=R
r2126	8	74022164	+	8	74022165	-	aid=r2126;cn={'2': {'AA': 1, 'AB': 0, 'BA': 0, 'BB': 2}};at=R
r2127	8	74049999	+	8	74050000	-	aid=r2127;cn={'2': {'AA': 1, 'AB': 0, 'BA': 0, 'BB': 3}};at=R
r2128	8	75582875	+	8	75582876	-	aid=r2128;cn={'2': {'AA': 1, 'AB': 0, 'BA': 0, 'BB': 3}};at=R
r2129	8	76049999	+	8	76050000	-	aid=r2129;cn={'2': {'AA': 1, 'AB': 0, 'BA': 0, 'BB': 4}};at=R
r2130	8	76055162	+	8	76055163	-	aid=r2130;cn={'2': {'AA': 1, 'AB': 0, 'BA': 0, 'BB': 0}};at=R
r2131	8	76199999	+	8	76200000	-	aid=r2131;cn={'2': {'AA': 1, 'AB': 0, 'BA': 0, 'BB': 0}};at=R
r2132	8	76206040	+	8	76206041	-	aid=r2132;cn={'2': {'AA': 0, 'AB': 0, 'BA': 0, 'BB': 0}};at=R
r2133	8	76210385	+	8	76210386	-	aid=r2133;cn={'2': {'AA': 0, 'AB': 0, 'BA': 0, 'BB': 0}};at=R
r2134	8	76249999	+	8	76250000	-	aid=r2134;cn={'2': {'AA': 0, 'AB': 0, 'BA': 0, 'BB': 1}};at=R
r2135	8	76288840	+	8	76288841	-	aid=r2135;cn={'2': {'AA': 0, 'AB': 0, 'BA': 0, 'BB': 1}};at=R
r2136	8	76299999	+	8	76300000	-	aid=r2136;cn={'2': {'AA': 0, 'AB': 0, 'BA': 0, 'BB': 2}};at=R
r2137	8	76311246	+	8	76311247	-	aid=r2137;cn={'2': {'AA': 0, 'AB': 0, 'BA': 0, 'BB': 1}};at=R
r2138	8	76349999	+	8	76350000	-	aid=r2138;cn={'2': {'AA': 0, 'AB': 0, 'BA': 0, 'BB': 1}};at=R
r2139	8	76368018	+	8	76368019	-	aid=r2139;cn={'2': {'AA': 0, 'AB': 0, 'BA': 0, 'BB': 1}};at=R
r2140	8	76388921	+	8	76388922	-	aid=r2140;cn={'2': {'AA': 0, 'AB': 0, 'BA': 0, 'BB': 0}};at=R
r2141	8	76398672	+	8	76398673	-	aid=r2141;cn={'2': {'AA': 0, 'AB': 0, 'BA': 0, 'BB': 0}};at=R
r2142	8	76399999	+	8	76400000	-	aid=r2142;cn={'2': {'AA': 0, 'AB': 0, 'BA': 0, 'BB': 3}};at=R
r2143	8	76579889	+	8	76579890	-	aid=r2143;cn={'2': {'AA': 0, 'AB': 0, 'BA': 0, 'BB': 3}};at=R
r2144	8	77020024	+	8	77020025	-	aid=r2144;cn={'2': {'AA': 1, 'AB': 0, 'BA': 0, 'BB': 2}};at=R
r2145	8	77039604	+	8	77039605	-	aid=r2145;cn={'2': {'AA': 1, 'AB': 0, 'BA': 0, 'BB': 2}};at=R
r2146	8	77062944	+	8	77062945	-	aid=r2146;cn={'2': {'AA': 1, 'AB': 0, 'BA': 0, 'BB': 3}};at=R
r2147	8	77070457	+	8	77070458	-	aid=r2147;cn={'2': {'AA': 1, 'AB': 0, 'BA': 0, 'BB': 3}};at=R
r2148	8	77187348	+	8	77187349	-	aid=r2148;cn={'2': {'AA': 1, 'AB': 0, 'BA': 0, 'BB': 1}};at=R
r2149	8	77199999	+	8	77200000	-	aid=r2149;cn={'2': {'AA': 1, 'AB': 0, 'BA': 0, 'BB': 1}};at=R
r2150	8	77299999	+	8	77300000	-	aid=r2150;cn={'2': {'AA': 1, 'AB': 0, 'BA': 0, 'BB': 1}};at=R
r2151	8	77301196	+	8	77301197	-	aid=r2151;cn={'2': {'AA': 1, 'AB': 0, 'BA': 0, 'BB': 1}};at=R
r2152	8	77949999	+	8	77950000	-	aid=r2152;cn={'2': {'AA': 2, 'AB': 0, 'BA': 0, 'BB': 1}};at=R
r2153	8	77957817	+	8	77957818	-	aid=r2153;cn={'2': {'AA': 0, 'AB': 0, 'BA': 0, 'BB': 1}};at=R
r2154	8	77993023	+	8	77993024	-	aid=r2154;cn={'2': {'AA': 0, 'AB': 0, 'BA': 0, 'BB': 1}};at=R
r2155	8	77999999	+	8	78000000	-	aid=r2155;cn={'2': {'AA': 3, 'AB': 0, 'BA': 0, 'BB': 1}};at=R
r2156	8	78922371	+	8	78922372	-	aid=r2156;cn={'2': {'AA': 3, 'AB': 0, 'BA': 0, 'BB': 0}};at=R
r2157	8	78934007	+	8	78934008	-	aid=r2157;cn={'2': {'AA': 3, 'AB': 0, 'BA': 0, 'BB': 0}};at=R
r2158	8	79387202	+	8	79387203	-	aid=r2158;cn={'2': {'AA': 2, 'AB': 0, 'BA': 0, 'BB': 1}};at=R
r2159	8	79465452	+	8	79465453	-	aid=r2159;cn={'2': {'AA': 2, 'AB': 0, 'BA': 0, 'BB': 1}};at=R
r2160	8	79644031	+	8	79644032	-	aid=r2160;cn={'2': {'AA': 1, 'AB': 0, 'BA': 0, 'BB': 1}};at=R
r2161	8	79649999	+	8	79650000	-	aid=r2161;cn={'2': {'AA': 1, 'AB': 0, 'BA': 0, 'BB': 1}};at=R
r2162	8	79662058	+	8	79662059	-	aid=r2162;cn={'2': {'AA': 1, 'AB': 0, 'BA': 0, 'BB': 1}};at=R
r2163	8	79872914	+	8	79872915	-	aid=r2163;cn={'2': {'AA': 0, 'AB': 0, 'BA': 0, 'BB': 1}};at=R
r2164	8	79883558	+	8	79883559	-	aid=r2164;cn={'2': {'AA': 0, 'AB': 0, 'BA': 0, 'BB': 1}};at=R
r2165	8	80399999	+	8	80400000	-	aid=r2165;cn={'2': {'AA': 0, 'AB': 0, 'BA': 0, 'BB': 1}};at=R
r2166	8	80415881	+	8	80415882	-	aid=r2166;cn={'2': {'AA': 0, 'AB': 0, 'BA': 0, 'BB': 1}};at=R
r2167	8	85209775	+	8	85209776	-	aid=r2167;cn={'2': {'AA': 3, 'AB': 0, 'BA': 0, 'BB': 1}};at=R
r2168	8	85603921	+	8	85603922	-	aid=r2168;cn={'2': {'AA': 3, 'AB': 0, 'BA': 0, 'BB': 1}};at=R
r2169	8	86073768	+	8	86073769	-	aid=r2169;cn={'2': {'AA': 3, 'AB': 0, 'BA': 0, 'BB': 1}};at=R
r2170	8	86077273	+	8	86077274	-	aid=r2170;cn={'2': {'AA': 3, 'AB': 0, 'BA': 0, 'BB': 1}};at=R
r2171	8	86564381	+	8	86564382	-	aid=r2171;cn={'2': {'AA': 3, 'AB': 0, 'BA': 0, 'BB': 1}};at=R
r2172	8	86570062	+	8	86570063	-	aid=r2172;cn={'2': {'AA': 3, 'AB': 0, 'BA': 0, 'BB': 1}};at=R
r2173	8	86754300	+	8	86754301	-	aid=r2173;cn={'2': {'AA': 2, 'AB': 0, 'BA': 0, 'BB': 1}};at=R
r2174	8	87191922	+	8	87191923	-	aid=r2174;cn={'2': {'AA': 1, 'AB': 0, 'BA': 0, 'BB': 1}};at=R
r2175	8	87236323	+	8	87236324	-	aid=r2175;cn={'2': {'AA': 1, 'AB': 0, 'BA': 0, 'BB': 1}};at=R
r2176	8	87773805	+	8	87773806	-	aid=r2176;cn={'2': {'AA': 1, 'AB': 0, 'BA': 0, 'BB': 1}};at=R
r2177	8	87787838	+	8	87787839	-	aid=r2177;cn={'2': {'AA': 1, 'AB': 0, 'BA': 0, 'BB': 1}};at=R
r2178	8	87910423	+	8	87910424	-	aid=r2178;cn={'2': {'AA': 1, 'AB': 0, 'BA': 0, 'BB': 1}};at=R
r2179	8	87963311	+	8	87963312	-	aid=r2179;cn={'2': {'AA': 1, 'AB': 0, 'BA': 0, 'BB': 1}};at=R
r2180	8	87999367	+	8	87999368	-	aid=r2180;cn={'2': {'AA': 2, 'AB': 0, 'BA': 0, 'BB': 1}};at=R
r2181	8	88002502	+	8	88002503	-	aid=r2181;cn={'2': {'AA': 2, 'AB': 0, 'BA': 0, 'BB': 1}};at=R
r2182	8	88142854	+	8	88142855	-	aid=r2182;cn={'2': {'AA': 2, 'AB': 0, 'BA': 0, 'BB': 1}};at=R
r2183	8	88143498	+	8	88143499	-	aid=r2183;cn={'2': {'AA': 2, 'AB': 0, 'BA': 0, 'BB': 1}};at=R
r2184	8	88199999	+	8	88200000	-	aid=r2184;cn={'2': {'AA': 3, 'AB': 0, 'BA': 0, 'BB': 1}};at=R
r2185	8	88249999	+	8	88250000	-	aid=r2185;cn={'2': {'AA': 3, 'AB': 0, 'BA': 0, 'BB': 1}};at=R
r2186	8	88887225	+	8	88887226	-	aid=r2186;cn={'2': {'AA': 2, 'AB': 0, 'BA': 0, 'BB': 1}};at=R
r2187	8	88887489	+	8	88887490	-	aid=r2187;cn={'2': {'AA': 2, 'AB': 0, 'BA': 0, 'BB': 1}};at=R
r2188	8	89334779	+	8	89334780	-	aid=r2188;cn={'2': {'AA': 3, 'AB': 0, 'BA': 0, 'BB': 1}};at=R
r2189	8	90006441	+	8	90006442	-	aid=r2189;cn={'2': {'AA': 2, 'AB': 0, 'BA': 0, 'BB': 1}};at=R
r2190	8	90018709	+	8	90018710	-	aid=r2190;cn={'2': {'AA': 2, 'AB': 0, 'BA': 0, 'BB': 1}};at=R
r2191	8	90021113	+	8	90021114	-	aid=r2191;cn={'2': {'AA': 3, 'AB': 0, 'BA': 0, 'BB': 1}};at=R
r2192	8	90030362	+	8	90030363	-	aid=r2192;cn={'2': {'AA': 3, 'AB': 0, 'BA': 0, 'BB': 1}};at=R
r2193	8	90032482	+	8	90032483	-	aid=r2193;cn={'2': {'AA': 3, 'AB': 0, 'BA': 0, 'BB': 1}};at=R
r2194	8	90067359	+	8	90067360	-	aid=r2194;cn={'2': {'AA': 3, 'AB': 0, 'BA': 0, 'BB': 1}};at=R
r2195	8	90948300	+	8	90948301	-	aid=r2195;cn={'2': {'AA': 3, 'AB': 0, 'BA': 0, 'BB': 1}};at=R
r2196	8	92371666	+	8	92371667	-	aid=r2196;cn={'2': {'AA': 3, 'AB': 0, 'BA': 0, 'BB': 0}};at=R
r2197	8	92599768	+	8	92599769	-	aid=r2197;cn={'2': {'AA': 1, 'AB': 0, 'BA': 0, 'BB': 0}};at=R
r2198	8	92599999	+	8	92600000	-	aid=r2198;cn={'2': {'AA': 1, 'AB': 0, 'BA': 0, 'BB': 0}};at=R
r2199	8	92634926	+	8	92634927	-	aid=r2199;cn={'2': {'AA': 1, 'AB': 0, 'BA': 0, 'BB': 0}};at=R
r2200	8	92649999	+	8	92650000	-	aid=r2200;cn={'2': {'AA': 1, 'AB': 0, 'BA': 0, 'BB': 3}};at=R
r2201	8	93777841	+	8	93777842	-	aid=r2201;cn={'2': {'AA': 1, 'AB': 0, 'BA': 0, 'BB': 3}};at=R
r2202	8	94478694	+	8	94478695	-	aid=r2202;cn={'2': {'AA': 1, 'AB': 0, 'BA': 0, 'BB': 2}};at=R
r2203	8	94551050	+	8	94551051	-	aid=r2203;cn={'2': {'AA': 1, 'AB': 0, 'BA': 0, 'BB': 2}};at=R
r2204	8	103847168	+	8	103847169	-	aid=r2204;cn={'2': {'AA': 0, 'AB': 0, 'BA': 0, 'BB': 3}};at=R
r2205	8	103850302	+	8	103850303	-	aid=r2205;cn={'2': {'AA': 0, 'AB': 0, 'BA': 0, 'BB': 3}};at=R
r2206	8	104499999	+	8	104500000	-	aid=r2206;cn={'2': {'AA': 1, 'AB': 0, 'BA': 0, 'BB': 3}};at=R
r2207	8	104599999	+	8	104600000	-	aid=r2207;cn={'2': {'AA': 1, 'AB': 0, 'BA': 0, 'BB': 3}};at=R
r2208	8	104649999	+	8	104650000	-	aid=r2208;cn={'2': {'AA': 1, 'AB': 0, 'BA': 0, 'BB': 3}};at=R
r2209	8	105299999	+	8	105300000	-	aid=r2209;cn={'2': {'AA': 1, 'AB': 0, 'BA': 0, 'BB': 3}};at=R
r2210	8	105599999	+	8	105600000	-	aid=r2210;cn={'2': {'AA': 1, 'AB': 0, 'BA': 0, 'BB': 3}};at=R
r2211	8	106499999	+	8	106500000	-	aid=r2211;cn={'2': {'AA': 1, 'AB': 0, 'BA': 0, 'BB': 3}};at=R
r2212	8	106549999	+	8	106550000	-	aid=r2212;cn={'2': {'AA': 1, 'AB': 0, 'BA': 0, 'BB': 3}};at=R
r2213	8	106599999	+	8	106600000	-	aid=r2213;cn={'2': {'AA': 1, 'AB': 0, 'BA': 0, 'BB': 3}};at=R
r2214	8	106649999	+	8	106650000	-	aid=r2214;cn={'2': {'AA': 1, 'AB': 0, 'BA': 0, 'BB': 3}};at=R
r2215	8	106899999	+	8	106900000	-	aid=r2215;cn={'2': {'AA': 1, 'AB': 0, 'BA': 0, 'BB': 3}};at=R
r2216	8	107149999	+	8	107150000	-	aid=r2216;cn={'2': {'AA': 1, 'AB': 0, 'BA': 0, 'BB': 3}};at=R
r2217	8	107199999	+	8	107200000	-	aid=r2217;cn={'2': {'AA': 1, 'AB': 0, 'BA': 0, 'BB': 3}};at=R
r2218	8	107949999	+	8	107950000	-	aid=r2218;cn={'2': {'AA': 1, 'AB': 0, 'BA': 0, 'BB': 3}};at=R
r2219	8	108399999	+	8	108400000	-	aid=r2219;cn={'2': {'AA': 1, 'AB': 0, 'BA': 0, 'BB': 3}};at=R
r2220	8	108549999	+	8	108550000	-	aid=r2220;cn={'2': {'AA': 1, 'AB': 0, 'BA': 0, 'BB': 3}};at=R
r2221	8	108699999	+	8	108700000	-	aid=r2221;cn={'2': {'AA': 1, 'AB': 0, 'BA': 0, 'BB': 3}};at=R
r2222	8	108749999	+	8	108750000	-	aid=r2222;cn={'2': {'AA': 1, 'AB': 0, 'BA': 0, 'BB': 3}};at=R
r2223	8	109199999	+	8	109200000	-	aid=r2223;cn={'2': {'AA': 1, 'AB': 0, 'BA': 0, 'BB': 3}};at=R
r2224	8	109299999	+	8	109300000	-	aid=r2224;cn={'2': {'AA': 1, 'AB': 0, 'BA': 0, 'BB': 3}};at=R
r2225	8	109449999	+	8	109450000	-	aid=r2225;cn={'2': {'AA': 1, 'AB': 0, 'BA': 0, 'BB': 3}};at=R
r2226	8	109549999	+	8	109550000	-	aid=r2226;cn={'2': {'AA': 1, 'AB': 0, 'BA': 0, 'BB': 3}};at=R
r2227	8	110199999	+	8	110200000	-	aid=r2227;cn={'2': {'AA': 1, 'AB': 0, 'BA': 0, 'BB': 3}};at=R
r2228	8	110399999	+	8	110400000	-	aid=r2228;cn={'2': {'AA': 1, 'AB': 0, 'BA': 0, 'BB': 3}};at=R
r2229	8	110549999	+	8	110550000	-	aid=r2229;cn={'2': {'AA': 1, 'AB': 0, 'BA': 0, 'BB': 3}};at=R
r2230	8	110699999	+	8	110700000	-	aid=r2230;cn={'2': {'AA': 1, 'AB': 0, 'BA': 0, 'BB': 3}};at=R
r2231	8	110817805	+	8	110817806	-	aid=r2231;cn={'2': {'AA': 1, 'AB': 0, 'BA': 0, 'BB': 2}};at=R
r2232	8	110818470	+	8	110818471	-	aid=r2232;cn={'2': {'AA': 1, 'AB': 0, 'BA': 0, 'BB': 2}};at=R
r2233	8	112899999	+	8	112900000	-	aid=r2233;cn={'2': {'AA': 1, 'AB': 0, 'BA': 0, 'BB': 3}};at=R
r2234	8	112949999	+	8	112950000	-	aid=r2234;cn={'2': {'AA': 1, 'AB': 0, 'BA': 0, 'BB': 3}};at=R
r2235	8	113349999	+	8	113350000	-	aid=r2235;cn={'2': {'AA': 1, 'AB': 0, 'BA': 0, 'BB': 3}};at=R
r2236	8	113399999	+	8	113400000	-	aid=r2236;cn={'2': {'AA': 1, 'AB': 0, 'BA': 0, 'BB': 3}};at=R
r2237	8	114599999	+	8	114600000	-	aid=r2237;cn={'2': {'AA': 1, 'AB': 0, 'BA': 0, 'BB': 3}};at=R
r2238	8	128372357	+	8	128372358	-	aid=r2238;cn={'2': {'AA': 1, 'AB': 0, 'BA': 0, 'BB': 3}};at=R
r2239	8	129075123	+	8	129075124	-	aid=r2239;cn={'2': {'AA': 1, 'AB': 0, 'BA': 0, 'BB': 3}};at=R
r2240	9	8091014	+	9	8091015	-	aid=r2240;cn={'2': {'AA': 3, 'AB': 0, 'BA': 0, 'BB': 1}};at=R
r2241	9	8099999	+	9	8100000	-	aid=r2241;cn={'2': {'AA': 5, 'AB': 0, 'BA': 0, 'BB': 1}};at=R
r2242	9	9199999	+	9	9200000	-	aid=r2242;cn={'2': {'AA': 5, 'AB': 0, 'BA': 0, 'BB': 1}};at=R
r2243	9	9211007	+	9	9211008	-	aid=r2243;cn={'2': {'AA': 4, 'AB': 0, 'BA': 0, 'BB': 1}};at=R
r2244	9	9214900	+	9	9214901	-	aid=r2244;cn={'2': {'AA': 3, 'AB': 0, 'BA': 0, 'BB': 1}};at=R
r2245	9	30990227	+	9	30990228	-	aid=r2245;cn={'2': {'AA': 2, 'AB': 0, 'BA': 0, 'BB': 1}};at=R
r2246	9	30990400	+	9	30990401	-	aid=r2246;cn={'2': {'AA': 1, 'AB': 0, 'BA': 0, 'BB': 1}};at=R
r2247	9	30999999	+	9	31000000	-	aid=r2247;cn={'2': {'AA': 1, 'AB': 0, 'BA': 0, 'BB': 1}};at=R
r2248	9	31035293	+	9	31035294	-	aid=r2248;cn={'2': {'AA': 1, 'AB': 0, 'BA': 0, 'BB': 1}};at=R
r2249	9	31049999	+	9	31050000	-	aid=r2249;cn={'2': {'AA': 1, 'AB': 0, 'BA': 0, 'BB': 4}};at=R
r2250	9	31744277	+	9	31744278	-	aid=r2250;cn={'2': {'AA': 0, 'AB': 0, 'BA': 0, 'BB': 4}};at=R
r2251	9	31744752	+	9	31744753	-	aid=r2251;cn={'2': {'AA': 0, 'AB': 0, 'BA': 0, 'BB': 4}};at=R
r2252	9	40224999	+	9	40225000	-	aid=r2252;cn={'2': {'AA': 1, 'AB': 0, 'BA': 0, 'BB': 4}};at=R
r2253	9	40349999	+	9	40350000	-	aid=r2253;cn={'2': {'AA': 1, 'AB': 0, 'BA': 0, 'BB': 4}};at=R
r2254	9	40449999	+	9	40450000	-	aid=r2254;cn={'2': {'AA': 1, 'AB': 0, 'BA': 0, 'BB': 4}};at=R
r2255	9	40974999	+	9	40975000	-	aid=r2255;cn={'2': {'AA': 1, 'AB': 0, 'BA': 0, 'BB': 4}};at=R
r2256	9	41449999	+	9	41450000	-	aid=r2256;cn={'2': {'AA': 1, 'AB': 0, 'BA': 0, 'BB': 4}};at=R
r2257	9	41524999	+	9	41525000	-	aid=r2257;cn={'2': {'AA': 1, 'AB': 0, 'BA': 0, 'BB': 4}};at=R
r2258	9	41899999	+	9	41900000	-	aid=r2258;cn={'2': {'AA': 1, 'AB': 0, 'BA': 0, 'BB': 4}};at=R
r2259	9	41999999	+	9	42000000	-	aid=r2259;cn={'2': {'AA': 1, 'AB': 0, 'BA': 0, 'BB': 4}};at=R
r2260	9	42049999	+	9	42050000	-	aid=r2260;cn={'2': {'AA': 1, 'AB': 0, 'BA': 0, 'BB': 4}};at=R
r2261	9	42149999	+	9	42150000	-	aid=r2261;cn={'2': {'AA': 1, 'AB': 0, 'BA': 0, 'BB': 4}};at=R
r2262	9	42349999	+	9	42350000	-	aid=r2262;cn={'2': {'AA': 1, 'AB': 0, 'BA': 0, 'BB': 4}};at=R
r2263	9	42599999	+	9	42600000	-	aid=r2263;cn={'2': {'AA': 1, 'AB': 0, 'BA': 0, 'BB': 4}};at=R
r2264	9	42724999	+	9	42725000	-	aid=r2264;cn={'2': {'AA': 1, 'AB': 0, 'BA': 0, 'BB': 4}};at=R
r2265	9	43974999	+	9	43975000	-	aid=r2265;cn={'2': {'AA': 1, 'AB': 0, 'BA': 0, 'BB': 4}};at=R
r2266	9	44574999	+	9	44575000	-	aid=r2266;cn={'2': {'AA': 1, 'AB': 0, 'BA': 0, 'BB': 4}};at=R
r2267	9	44821195	+	9	44821196	-	aid=r2267;cn={'2': {'AA': 1, 'AB': 0, 'BA': 0, 'BB': 2}};at=R
r2268	9	44849999	+	9	44850000	-	aid=r2268;cn={'2': {'AA': 1, 'AB': 0, 'BA': 0, 'BB': 2}};at=R
r2269	9	44999999	+	9	45000000	-	aid=r2269;cn={'2': {'AA': 1, 'AB': 0, 'BA': 0, 'BB': 2}};at=R
r2270	9	45049999	+	9	45050000	-	aid=r2270;cn={'2': {'AA': 1, 'AB': 0, 'BA': 0, 'BB': 2}};at=R
r2271	9	45274999	+	9	45275000	-	aid=r2271;cn={'2': {'AA': 1, 'AB': 0, 'BA': 0, 'BB': 2}};at=R
r2272	9	45499999	+	9	45500000	-	aid=r2272;cn={'2': {'AA': 1, 'AB': 0, 'BA': 0, 'BB': 2}};at=R
r2273	9	45549999	+	9	45550000	-	aid=r2273;cn={'2': {'AA': 1, 'AB': 0, 'BA': 0, 'BB': 2}};at=R
r2274	9	45649999	+	9	45650000	-	aid=r2274;cn={'2': {'AA': 1, 'AB': 0, 'BA': 0, 'BB': 2}};at=R
r2275	9	45874999	+	9	45875000	-	aid=r2275;cn={'2': {'AA': 1, 'AB': 0, 'BA': 0, 'BB': 2}};at=R
r2276	9	46149999	+	9	46150000	-	aid=r2276;cn={'2': {'AA': 1, 'AB': 0, 'BA': 0, 'BB': 2}};at=R
r2277	9	46424999	+	9	46425000	-	aid=r2277;cn={'2': {'AA': 1, 'AB': 0, 'BA': 0, 'BB': 2}};at=R
r2278	9	46749999	+	9	46750000	-	aid=r2278;cn={'2': {'AA': 1, 'AB': 0, 'BA': 0, 'BB': 2}};at=R
r2279	9	47099999	+	9	47100000	-	aid=r2279;cn={'2': {'AA': 1, 'AB': 0, 'BA': 0, 'BB': 2}};at=R
r2280	9	47249999	+	9	47250000	-	aid=r2280;cn={'2': {'AA': 1, 'AB': 0, 'BA': 0, 'BB': 2}};at=R
r2281	9	65799999	+	9	65800000	-	aid=r2281;cn={'2': {'AA': 1, 'AB': 0, 'BA': 0, 'BB': 2}};at=R
r2282	9	65874999	+	9	65875000	-	aid=r2282;cn={'2': {'AA': 1, 'AB': 0, 'BA': 0, 'BB': 2}};at=R
r2283	9	65949999	+	9	65950000	-	aid=r2283;cn={'2': {'AA': 1, 'AB': 0, 'BA': 0, 'BB': 2}};at=R
r2284	9	65999999	+	9	66000000	-	aid=r2284;cn={'2': {'AA': 1, 'AB': 0, 'BA': 0, 'BB': 2}};at=R
r2285	9	66399999	+	9	66400000	-	aid=r2285;cn={'2': {'AA': 1, 'AB': 0, 'BA': 0, 'BB': 2}};at=R
r2286	9	66499999	+	9	66500000	-	aid=r2286;cn={'2': {'AA': 1, 'AB': 0, 'BA': 0, 'BB': 2}};at=R
r2287	9	66599999	+	9	66600000	-	aid=r2287;cn={'2': {'AA': 1, 'AB': 0, 'BA': 0, 'BB': 2}};at=R
r2288	9	66899999	+	9	66900000	-	aid=r2288;cn={'2': {'AA': 1, 'AB': 0, 'BA': 0, 'BB': 2}};at=R
r2289	9	66999999	+	9	67000000	-	aid=r2289;cn={'2': {'AA': 1, 'AB': 0, 'BA': 0, 'BB': 2}};at=R
r2290	9	67049999	+	9	67050000	-	aid=r2290;cn={'2': {'AA': 1, 'AB': 0, 'BA': 0, 'BB': 2}};at=R
r2291	9	67149999	+	9	67150000	-	aid=r2291;cn={'2': {'AA': 1, 'AB': 0, 'BA': 0, 'BB': 2}};at=R
r2292	9	67449999	+	9	67450000	-	aid=r2292;cn={'2': {'AA': 1, 'AB': 0, 'BA': 0, 'BB': 2}};at=R
r2293	9	67749999	+	9	67750000	-	aid=r2293;cn={'2': {'AA': 1, 'AB': 0, 'BA': 0, 'BB': 2}};at=R
r2294	9	68049999	+	9	68050000	-	aid=r2294;cn={'2': {'AA': 1, 'AB': 0, 'BA': 0, 'BB': 2}};at=R
r2295	9	68199999	+	9	68200000	-	aid=r2295;cn={'2': {'AA': 1, 'AB': 0, 'BA': 0, 'BB': 2}};at=R
r2296	9	68219265	+	9	68219266	-	aid=r2296;cn={'2': {'AA': 1, 'AB': 0, 'BA': 0, 'BB': 2}};at=R
r2297	9	68599999	+	9	68600000	-	aid=r2297;cn={'2': {'AA': 1, 'AB': 0, 'BA': 0, 'BB': 2}};at=R
r2298	9	69199999	+	9	69200000	-	aid=r2298;cn={'2': {'AA': 1, 'AB': 0, 'BA': 0, 'BB': 2}};at=R
r2299	9	69249999	+	9	69250000	-	aid=r2299;cn={'2': {'AA': 1, 'AB': 0, 'BA': 0, 'BB': 2}};at=R
r2300	9	69349999	+	9	69350000	-	aid=r2300;cn={'2': {'AA': 1, 'AB': 0, 'BA': 0, 'BB': 2}};at=R
r2301	9	69749999	+	9	69750000	-	aid=r2301;cn={'2': {'AA': 1, 'AB': 0, 'BA': 0, 'BB': 2}};at=R
r2302	9	69949999	+	9	69950000	-	aid=r2302;cn={'2': {'AA': 1, 'AB': 0, 'BA': 0, 'BB': 2}};at=R
r2303	9	70049999	+	9	70050000	-	aid=r2303;cn={'2': {'AA': 1, 'AB': 0, 'BA': 0, 'BB': 2}};at=R
r2304	9	70149999	+	9	70150000	-	aid=r2304;cn={'2': {'AA': 1, 'AB': 0, 'BA': 0, 'BB': 2}};at=R
r2305	9	70199999	+	9	70200000	-	aid=r2305;cn={'2': {'AA': 1, 'AB': 0, 'BA': 0, 'BB': 2}};at=R
r2306	9	70549999	+	9	70550000	-	aid=r2306;cn={'2': {'AA': 1, 'AB': 0, 'BA': 0, 'BB': 2}};at=R
r2307	9	70699999	+	9	70700000	-	aid=r2307;cn={'2': {'AA': 1, 'AB': 0, 'BA': 0, 'BB': 2}};at=R
r2308	9	70774999	+	9	70775000	-	aid=r2308;cn={'2': {'AA': 1, 'AB': 0, 'BA': 0, 'BB': 2}};at=R
r2309	9	96599999	+	9	96600000	-	aid=r2309;cn={'2': {'AA': 1, 'AB': 0, 'BA': 0, 'BB': 2}};at=R
r2310	9	96649999	+	9	96650000	-	aid=r2310;cn={'2': {'AA': 1, 'AB': 0, 'BA': 0, 'BB': 2}};at=R
r2311	9	110999999	+	9	111000000	-	aid=r2311;cn={'2': {'AA': 1, 'AB': 0, 'BA': 0, 'BB': 2}};at=R
r2312	9	111049999	+	9	111050000	-	aid=r2312;cn={'2': {'AA': 1, 'AB': 0, 'BA': 0, 'BB': 2}};at=R
r2313	9	120196326	+	9	120196327	-	aid=r2313;cn={'2': {'AA': 1, 'AB': 0, 'BA': 0, 'BB': 2}};at=R
r2314	9	120199999	+	9	120200000	-	aid=r2314;cn={'2': {'AA': 1, 'AB': 0, 'BA': 0, 'BB': 3}};at=R
r2315	9	120394901	+	9	120394902	-	aid=r2315;cn={'2': {'AA': 1, 'AB': 0, 'BA': 0, 'BB': 2}};at=R
r2316	9	120399999	+	9	120400000	-	aid=r2316;cn={'2': {'AA': 1, 'AB': 0, 'BA': 0, 'BB': 2}};at=R
r2317	9	130549999	+	9	130550000	-	aid=r2317;cn={'2': {'AA': 1, 'AB': 0, 'BA': 0, 'BB': 2}};at=R
r2318	9	130599999	+	9	130600000	-	aid=r2318;cn={'2': {'AA': 1, 'AB': 0, 'BA': 0, 'BB': 2}};at=R
r2319	9	130649999	+	9	130650000	-	aid=r2319;cn={'2': {'AA': 1, 'AB': 0, 'BA': 0, 'BB': 2}};at=R
r2320	9	130724999	+	9	130725000	-	aid=r2320;cn={'2': {'AA': 1, 'AB': 0, 'BA': 0, 'BB': 2}};at=R
r2321	9	130999999	+	9	131000000	-	aid=r2321;cn={'2': {'AA': 1, 'AB': 0, 'BA': 0, 'BB': 2}};at=R
r2322	9	131049999	+	9	131050000	-	aid=r2322;cn={'2': {'AA': 1, 'AB': 0, 'BA': 0, 'BB': 2}};at=R
r2323	9	131849999	+	9	131850000	-	aid=r2323;cn={'2': {'AA': 1, 'AB': 0, 'BA': 0, 'BB': 2}};at=R
r2324	9	131949999	+	9	131950000	-	aid=r2324;cn={'2': {'AA': 1, 'AB': 0, 'BA': 0, 'BB': 2}};at=R
r2325	9	140849999	+	9	140850000	-	aid=r2325;cn={'2': {'AA': 1, 'AB': 0, 'BA': 0, 'BB': 2}};at=R
r2326	9	140899999	+	9	140900000	-	aid=r2326;cn={'2': {'AA': 1, 'AB': 0, 'BA': 0, 'BB': 2}};at=R
r2327	X	2712772	+	X	2712773	-	aid=r2327;cn={'2': {'AA': 1, 'AB': 0, 'BA': 0, 'BB': 0}};at=R
r2328	X	2714840	+	X	2714841	-	aid=r2328;cn={'2': {'AA': 1, 'AB': 0, 'BA': 0, 'BB': 0}};at=R
r2329	X	2875053	+	X	2875054	-	aid=r2329;cn={'2': {'AA': 1, 'AB': 0, 'BA': 0, 'BB': 0}};at=R
r2330	X	2876119	+	X	2876120	-	aid=r2330;cn={'2': {'AA': 1, 'AB': 0, 'BA': 0, 'BB': 0}};at=R
r2331	X	3560282	+	X	3560283	-	aid=r2331;cn={'2': {'AA': 1, 'AB': 0, 'BA': 0, 'BB': 0}};at=R
r2332	X	3561203	+	X	3561204	-	aid=r2332;cn={'2': {'AA': 1, 'AB': 0, 'BA': 0, 'BB': 0}};at=R
r2333	X	4239875	+	X	4239876	-	aid=r2333;cn={'2': {'AA': 1, 'AB': 0, 'BA': 0, 'BB': 0}};at=R
r2334	X	4240406	+	X	4240407	-	aid=r2334;cn={'2': {'AA': 1, 'AB': 0, 'BA': 0, 'BB': 0}};at=R
r2335	X	4468767	+	X	4468768	-	aid=r2335;cn={'2': {'AA': 1, 'AB': 0, 'BA': 0, 'BB': 0}};at=R
r2336	X	4469424	+	X	4469425	-	aid=r2336;cn={'2': {'AA': 1, 'AB': 0, 'BA': 0, 'BB': 0}};at=R
r2337	X	4711768	+	X	4711769	-	aid=r2337;cn={'2': {'AA': 1, 'AB': 0, 'BA': 0, 'BB': 0}};at=R
r2338	X	4712756	+	X	4712757	-	aid=r2338;cn={'2': {'AA': 1, 'AB': 0, 'BA': 0, 'BB': 0}};at=R
r2339	X	4874633	+	X	4874634	-	aid=r2339;cn={'2': {'AA': 1, 'AB': 0, 'BA': 0, 'BB': 0}};at=R
r2340	X	4875233	+	X	4875234	-	aid=r2340;cn={'2': {'AA': 1, 'AB': 0, 'BA': 0, 'BB': 0}};at=R
r2341	X	5221048	+	X	5221049	-	aid=r2341;cn={'2': {'AA': 1, 'AB': 0, 'BA': 0, 'BB': 0}};at=R
r2342	X	5221592	+	X	5221593	-	aid=r2342;cn={'2': {'AA': 1, 'AB': 0, 'BA': 0, 'BB': 0}};at=R
r2343	X	5223510	+	X	5223511	-	aid=r2343;cn={'2': {'AA': 1, 'AB': 0, 'BA': 0, 'BB': 0}};at=R
r2344	X	8002368	+	X	8002369	-	aid=r2344;cn={'2': {'AA': 1, 'AB': 0, 'BA': 0, 'BB': 0}};at=R
r2345	X	8003796	+	X	8003797	-	aid=r2345;cn={'2': {'AA': 1, 'AB': 0, 'BA': 0, 'BB': 0}};at=R
r2346	X	8432749	+	X	8432750	-	aid=r2346;cn={'2': {'AA': 1, 'AB': 0, 'BA': 0, 'BB': 0}};at=R
r2347	X	8436602	+	X	8436603	-	aid=r2347;cn={'2': {'AA': 1, 'AB': 0, 'BA': 0, 'BB': 0}};at=R
r2348	X	9950292	+	X	9950293	-	aid=r2348;cn={'2': {'AA': 1, 'AB': 0, 'BA': 0, 'BB': 0}};at=R
r2349	X	9950554	+	X	9950555	-	aid=r2349;cn={'2': {'AA': 1, 'AB': 0, 'BA': 0, 'BB': 0}};at=R
r2350	X	10520490	+	X	10520491	-	aid=r2350;cn={'2': {'AA': 1, 'AB': 0, 'BA': 0, 'BB': 0}};at=R
r2351	X	10521851	+	X	10521852	-	aid=r2351;cn={'2': {'AA': 1, 'AB': 0, 'BA': 0, 'BB': 0}};at=R
r2352	X	10763634	+	X	10763635	-	aid=r2352;cn={'2': {'AA': 1, 'AB': 0, 'BA': 0, 'BB': 0}};at=R
r2353	X	10789663	+	X	10789664	-	aid=r2353;cn={'2': {'AA': 1, 'AB': 0, 'BA': 0, 'BB': 0}};at=R
r2354	X	11731273	+	X	11731274	-	aid=r2354;cn={'2': {'AA': 1, 'AB': 0, 'BA': 0, 'BB': 0}};at=R
r2355	X	11731714	+	X	11731715	-	aid=r2355;cn={'2': {'AA': 1, 'AB': 0, 'BA': 0, 'BB': 0}};at=R
r2356	X	13686679	+	X	13686680	-	aid=r2356;cn={'2': {'AA': 1, 'AB': 0, 'BA': 0, 'BB': 0}};at=R
r2357	X	13688476	+	X	13688477	-	aid=r2357;cn={'2': {'AA': 1, 'AB': 0, 'BA': 0, 'BB': 0}};at=R
r2358	X	13949494	+	X	13949495	-	aid=r2358;cn={'2': {'AA': 1, 'AB': 0, 'BA': 0, 'BB': 0}};at=R
r2359	X	13949892	+	X	13949893	-	aid=r2359;cn={'2': {'AA': 1, 'AB': 0, 'BA': 0, 'BB': 0}};at=R
r2360	X	14358775	+	X	14358776	-	aid=r2360;cn={'2': {'AA': 1, 'AB': 0, 'BA': 0, 'BB': 0}};at=R
r2361	X	14360237	+	X	14360238	-	aid=r2361;cn={'2': {'AA': 1, 'AB': 0, 'BA': 0, 'BB': 0}};at=R
r2362	X	16732341	+	X	16732342	-	aid=r2362;cn={'2': {'AA': 1, 'AB': 0, 'BA': 0, 'BB': 0}};at=R
r2363	X	16735526	+	X	16735527	-	aid=r2363;cn={'2': {'AA': 1, 'AB': 0, 'BA': 0, 'BB': 0}};at=R
r2364	X	19387891	+	X	19387892	-	aid=r2364;cn={'2': {'AA': 1, 'AB': 0, 'BA': 0, 'BB': 0}};at=R
r2365	X	19390487	+	X	19390488	-	aid=r2365;cn={'2': {'AA': 1, 'AB': 0, 'BA': 0, 'BB': 0}};at=R
r2366	X	19538419	+	X	19538420	-	aid=r2366;cn={'2': {'AA': 1, 'AB': 0, 'BA': 0, 'BB': 0}};at=R
r2367	X	19539802	+	X	19539803	-	aid=r2367;cn={'2': {'AA': 1, 'AB': 0, 'BA': 0, 'BB': 0}};at=R
r2368	X	20411320	+	X	20411321	-	aid=r2368;cn={'2': {'AA': 1, 'AB': 0, 'BA': 0, 'BB': 0}};at=R
r2369	X	20411768	+	X	20411769	-	aid=r2369;cn={'2': {'AA': 1, 'AB': 0, 'BA': 0, 'BB': 0}};at=R
r2370	X	21931628	+	X	21931629	-	aid=r2370;cn={'2': {'AA': 1, 'AB': 0, 'BA': 0, 'BB': 0}};at=R
r2371	X	21932197	+	X	21932198	-	aid=r2371;cn={'2': {'AA': 1, 'AB': 0, 'BA': 0, 'BB': 0}};at=R
r2372	X	22062832	+	X	22062833	-	aid=r2372;cn={'2': {'AA': 1, 'AB': 0, 'BA': 0, 'BB': 0}};at=R
r2373	X	22063202	+	X	22063203	-	aid=r2373;cn={'2': {'AA': 1, 'AB': 0, 'BA': 0, 'BB': 0}};at=R
r2374	X	23909512	+	X	23909513	-	aid=r2374;cn={'2': {'AA': 1, 'AB': 0, 'BA': 0, 'BB': 0}};at=R
r2375	X	23911448	+	X	23911449	-	aid=r2375;cn={'2': {'AA': 1, 'AB': 0, 'BA': 0, 'BB': 0}};at=R
r2376	X	24007377	+	X	24007378	-	aid=r2376;cn={'2': {'AA': 1, 'AB': 0, 'BA': 0, 'BB': 0}};at=R
r2377	X	24008037	+	X	24008038	-	aid=r2377;cn={'2': {'AA': 1, 'AB': 0, 'BA': 0, 'BB': 0}};at=R
r2378	X	24280939	+	X	24280940	-	aid=r2378;cn={'2': {'AA': 1, 'AB': 0, 'BA': 0, 'BB': 0}};at=R
r2379	X	24284650	+	X	24284651	-	aid=r2379;cn={'2': {'AA': 1, 'AB': 0, 'BA': 0, 'BB': 0}};at=R
r2380	X	27029499	+	X	27029500	-	aid=r2380;cn={'2': {'AA': 1, 'AB': 0, 'BA': 0, 'BB': 0}};at=R
r2381	X	27031497	+	X	27031498	-	aid=r2381;cn={'2': {'AA': 1, 'AB': 0, 'BA': 0, 'BB': 0}};at=R
r2382	X	30653546	+	X	30653547	-	aid=r2382;cn={'2': {'AA': 1, 'AB': 0, 'BA': 0, 'BB': 0}};at=R
r2383	X	30654338	+	X	30654339	-	aid=r2383;cn={'2': {'AA': 1, 'AB': 0, 'BA': 0, 'BB': 0}};at=R
r2384	X	31559311	+	X	31559312	-	aid=r2384;cn={'2': {'AA': 1, 'AB': 0, 'BA': 0, 'BB': 0}};at=R
r2385	X	31559690	+	X	31559691	-	aid=r2385;cn={'2': {'AA': 1, 'AB': 0, 'BA': 0, 'BB': 0}};at=R
r2386	X	32169648	+	X	32169649	-	aid=r2386;cn={'2': {'AA': 1, 'AB': 0, 'BA': 0, 'BB': 0}};at=R
r2387	X	32169655	+	X	32169656	-	aid=r2387;cn={'2': {'AA': 0, 'AB': 0, 'BA': 0, 'BB': 0}};at=R
r2388	X	32339504	+	X	32339505	-	aid=r2388;cn={'2': {'AA': 0, 'AB': 0, 'BA': 0, 'BB': 0}};at=R
r2389	X	32339525	+	X	32339526	-	aid=r2389;cn={'2': {'AA': 1, 'AB': 0, 'BA': 0, 'BB': 0}};at=R
r2390	X	32413455	+	X	32413456	-	aid=r2390;cn={'2': {'AA': 1, 'AB': 0, 'BA': 0, 'BB': 0}};at=R
r2391	X	32413588	+	X	32413589	-	aid=r2391;cn={'2': {'AA': 1, 'AB': 0, 'BA': 0, 'BB': 0}};at=R
r2392	X	32559270	+	X	32559271	-	aid=r2392;cn={'2': {'AA': 1, 'AB': 0, 'BA': 0, 'BB': 0}};at=R
r2393	X	32559600	+	X	32559601	-	aid=r2393;cn={'2': {'AA': 0, 'AB': 0, 'BA': 0, 'BB': 0}};at=R
r2394	X	33725948	+	X	33725949	-	aid=r2394;cn={'2': {'AA': 0, 'AB': 0, 'BA': 0, 'BB': 0}};at=R
r2395	X	33726019	+	X	33726020	-	aid=r2395;cn={'2': {'AA': 0, 'AB': 0, 'BA': 0, 'BB': 1}};at=R
r2396	X	34793581	+	X	34793582	-	aid=r2396;cn={'2': {'AA': 0, 'AB': 0, 'BA': 0, 'BB': 1}};at=R
r2397	X	34794165	+	X	34794166	-	aid=r2397;cn={'2': {'AA': 0, 'AB': 0, 'BA': 0, 'BB': 1}};at=R
r2398	X	38584030	+	X	38584031	-	aid=r2398;cn={'2': {'AA': 0, 'AB': 0, 'BA': 0, 'BB': 1}};at=R
r2399	X	38584667	+	X	38584668	-	aid=r2399;cn={'2': {'AA': 0, 'AB': 0, 'BA': 0, 'BB': 1}};at=R
r2400	X	39729921	+	X	39729922	-	aid=r2400;cn={'2': {'AA': 0, 'AB': 0, 'BA': 0, 'BB': 1}};at=R
r2401	X	39730767	+	X	39730768	-	aid=r2401;cn={'2': {'AA': 0, 'AB': 0, 'BA': 0, 'BB': 1}};at=R
r2402	X	40138892	+	X	40138893	-	aid=r2402;cn={'2': {'AA': 0, 'AB': 0, 'BA': 0, 'BB': 1}};at=R
r2403	X	40139925	+	X	40139926	-	aid=r2403;cn={'2': {'AA': 0, 'AB': 0, 'BA': 0, 'BB': 1}};at=R
r2404	X	40408010	+	X	40408011	-	aid=r2404;cn={'2': {'AA': 0, 'AB': 0, 'BA': 0, 'BB': 1}};at=R
r2405	X	40409129	+	X	40409130	-	aid=r2405;cn={'2': {'AA': 0, 'AB': 0, 'BA': 0, 'BB': 1}};at=R
r2406	X	44487864	+	X	44487865	-	aid=r2406;cn={'2': {'AA': 0, 'AB': 0, 'BA': 0, 'BB': 1}};at=R
r2407	X	44488207	+	X	44488208	-	aid=r2407;cn={'2': {'AA': 0, 'AB': 0, 'BA': 0, 'BB': 1}};at=R
r2408	X	44670266	+	X	44670267	-	aid=r2408;cn={'2': {'AA': 0, 'AB': 0, 'BA': 0, 'BB': 1}};at=R
r2409	X	44670997	+	X	44670998	-	aid=r2409;cn={'2': {'AA': 0, 'AB': 0, 'BA': 0, 'BB': 1}};at=R
r2410	X	44752768	+	X	44752769	-	aid=r2410;cn={'2': {'AA': 0, 'AB': 0, 'BA': 0, 'BB': 1}};at=R
r2411	X	44757042	+	X	44757043	-	aid=r2411;cn={'2': {'AA': 0, 'AB': 0, 'BA': 0, 'BB': 1}};at=R
r2412	X	45063215	+	X	45063216	-	aid=r2412;cn={'2': {'AA': 0, 'AB': 0, 'BA': 0, 'BB': 1}};at=R
r2413	X	45064340	+	X	45064341	-	aid=r2413;cn={'2': {'AA': 0, 'AB': 0, 'BA': 0, 'BB': 1}};at=R
r2414	X	45776535	+	X	45776536	-	aid=r2414;cn={'2': {'AA': 0, 'AB': 0, 'BA': 0, 'BB': 1}};at=R
r2415	X	45777779	+	X	45777780	-	aid=r2415;cn={'2': {'AA': 0, 'AB': 0, 'BA': 0, 'BB': 1}};at=R
r2416	X	46070556	+	X	46070557	-	aid=r2416;cn={'2': {'AA': 0, 'AB': 0, 'BA': 0, 'BB': 1}};at=R
r2417	X	46072514	+	X	46072515	-	aid=r2417;cn={'2': {'AA': 0, 'AB': 0, 'BA': 0, 'BB': 1}};at=R
r2418	X	46426313	+	X	46426314	-	aid=r2418;cn={'2': {'AA': 0, 'AB': 0, 'BA': 0, 'BB': 1}};at=R
r2419	X	46427250	+	X	46427251	-	aid=r2419;cn={'2': {'AA': 0, 'AB': 0, 'BA': 0, 'BB': 1}};at=R
r2420	X	47215182	+	X	47215183	-	aid=r2420;cn={'2': {'AA': 0, 'AB': 0, 'BA': 0, 'BB': 1}};at=R
r2421	X	47215250	+	X	47215251	-	aid=r2421;cn={'2': {'AA': 0, 'AB': 0, 'BA': 0, 'BB': 1}};at=R
r2422	X	48491354	+	X	48491355	-	aid=r2422;cn={'2': {'AA': 0, 'AB': 0, 'BA': 0, 'BB': 1}};at=R
r2423	X	48501387	+	X	48501388	-	aid=r2423;cn={'2': {'AA': 0, 'AB': 0, 'BA': 0, 'BB': 1}};at=R
r2424	X	50853608	+	X	50853609	-	aid=r2424;cn={'2': {'AA': 0, 'AB': 0, 'BA': 0, 'BB': 1}};at=R
r2425	X	50854433	+	X	50854434	-	aid=r2425;cn={'2': {'AA': 0, 'AB': 0, 'BA': 0, 'BB': 1}};at=R
r2426	X	51236758	+	X	51236759	-	aid=r2426;cn={'2': {'AA': 0, 'AB': 0, 'BA': 0, 'BB': 1}};at=R
r2427	X	51241162	+	X	51241163	-	aid=r2427;cn={'2': {'AA': 0, 'AB': 0, 'BA': 0, 'BB': 1}};at=R
r2428	X	52857940	+	X	52857941	-	aid=r2428;cn={'2': {'AA': 0, 'AB': 0, 'BA': 0, 'BB': 1}};at=R
r2429	X	52865408	+	X	52865409	-	aid=r2429;cn={'2': {'AA': 0, 'AB': 0, 'BA': 0, 'BB': 1}};at=R
r2430	X	54109324	+	X	54109325	-	aid=r2430;cn={'2': {'AA': 0, 'AB': 0, 'BA': 0, 'BB': 1}};at=R
r2431	X	54110408	+	X	54110409	-	aid=r2431;cn={'2': {'AA': 0, 'AB': 0, 'BA': 0, 'BB': 1}};at=R
r2432	X	54672208	+	X	54672209	-	aid=r2432;cn={'2': {'AA': 0, 'AB': 0, 'BA': 0, 'BB': 1}};at=R
r2433	X	54673080	+	X	54673081	-	aid=r2433;cn={'2': {'AA': 0, 'AB': 0, 'BA': 0, 'BB': 1}};at=R
r2434	X	56290399	+	X	56290400	-	aid=r2434;cn={'2': {'AA': 0, 'AB': 0, 'BA': 0, 'BB': 1}};at=R
r2435	X	56291020	+	X	56291021	-	aid=r2435;cn={'2': {'AA': 0, 'AB': 0, 'BA': 0, 'BB': 1}};at=R
r2436	X	56582293	+	X	56582294	-	aid=r2436;cn={'2': {'AA': 0, 'AB': 0, 'BA': 0, 'BB': 1}};at=R
r2437	X	56584123	+	X	56584124	-	aid=r2437;cn={'2': {'AA': 0, 'AB': 0, 'BA': 0, 'BB': 1}};at=R
r2438	X	56844506	+	X	56844507	-	aid=r2438;cn={'2': {'AA': 0, 'AB': 0, 'BA': 0, 'BB': 1}};at=R
r2439	X	56846624	+	X	56846625	-	aid=r2439;cn={'2': {'AA': 0, 'AB': 0, 'BA': 0, 'BB': 1}};at=R
r2440	X	57078239	+	X	57078240	-	aid=r2440;cn={'2': {'AA': 0, 'AB': 0, 'BA': 0, 'BB': 1}};at=R
r2441	X	57078889	+	X	57078890	-	aid=r2441;cn={'2': {'AA': 0, 'AB': 0, 'BA': 0, 'BB': 1}};at=R
r2442	X	57668944	+	X	57668945	-	aid=r2442;cn={'2': {'AA': 0, 'AB': 0, 'BA': 0, 'BB': 1}};at=R
r2443	X	57670893	+	X	57670894	-	aid=r2443;cn={'2': {'AA': 0, 'AB': 0, 'BA': 0, 'BB': 1}};at=R
r2444	X	57850472	+	X	57850473	-	aid=r2444;cn={'2': {'AA': 0, 'AB': 0, 'BA': 0, 'BB': 1}};at=R
r2445	X	57850839	+	X	57850840	-	aid=r2445;cn={'2': {'AA': 0, 'AB': 0, 'BA': 0, 'BB': 1}};at=R
r2446	X	57851833	+	X	57851834	-	aid=r2446;cn={'2': {'AA': 0, 'AB': 0, 'BA': 0, 'BB': 1}};at=R
r2447	X	57857557	+	X	57857558	-	aid=r2447;cn={'2': {'AA': 0, 'AB': 0, 'BA': 0, 'BB': 1}};at=R
r2448	X	57858810	+	X	57858811	-	aid=r2448;cn={'2': {'AA': 0, 'AB': 0, 'BA': 0, 'BB': 1}};at=R
r2449	X	58107724	+	X	58107725	-	aid=r2449;cn={'2': {'AA': 0, 'AB': 0, 'BA': 0, 'BB': 1}};at=R
r2450	X	58118311	+	X	58118312	-	aid=r2450;cn={'2': {'AA': 0, 'AB': 0, 'BA': 0, 'BB': 1}};at=R
r2451	X	58290832	+	X	58290833	-	aid=r2451;cn={'2': {'AA': 0, 'AB': 0, 'BA': 0, 'BB': 1}};at=R
r2452	X	58319113	+	X	58319114	-	aid=r2452;cn={'2': {'AA': 0, 'AB': 0, 'BA': 0, 'BB': 1}};at=R
r2453	X	62127756	+	X	62127757	-	aid=r2453;cn={'2': {'AA': 0, 'AB': 0, 'BA': 0, 'BB': 1}};at=R
r2454	X	62128934	+	X	62128935	-	aid=r2454;cn={'2': {'AA': 0, 'AB': 0, 'BA': 0, 'BB': 1}};at=R
r2455	X	63012837	+	X	63012838	-	aid=r2455;cn={'2': {'AA': 0, 'AB': 0, 'BA': 0, 'BB': 0}};at=R
r2456	X	63012976	+	X	63012977	-	aid=r2456;cn={'2': {'AA': 0, 'AB': 0, 'BA': 0, 'BB': 0}};at=R
r2457	X	63204769	+	X	63204770	-	aid=r2457;cn={'2': {'AA': 0, 'AB': 0, 'BA': 0, 'BB': 0}};at=R
r2458	X	63204925	+	X	63204926	-	aid=r2458;cn={'2': {'AA': 0, 'AB': 0, 'BA': 0, 'BB': 1}};at=R
r2459	X	63205688	+	X	63205689	-	aid=r2459;cn={'2': {'AA': 0, 'AB': 0, 'BA': 0, 'BB': 0}};at=R
r2460	X	63205761	+	X	63205762	-	aid=r2460;cn={'2': {'AA': 0, 'AB': 0, 'BA': 0, 'BB': 0}};at=R
r2461	X	63220081	+	X	63220082	-	aid=r2461;cn={'2': {'AA': 0, 'AB': 0, 'BA': 0, 'BB': 0}};at=R
r2462	X	63220298	+	X	63220299	-	aid=r2462;cn={'2': {'AA': 1, 'AB': 0, 'BA': 0, 'BB': 0}};at=R
r2463	X	63429023	+	X	63429024	-	aid=r2463;cn={'2': {'AA': 1, 'AB': 0, 'BA': 0, 'BB': 0}};at=R
r2464	X	63429260	+	X	63429261	-	aid=r2464;cn={'2': {'AA': 0, 'AB': 0, 'BA': 0, 'BB': 0}};at=R
r2465	X	63865162	+	X	63865163	-	aid=r2465;cn={'2': {'AA': 0, 'AB': 0, 'BA': 0, 'BB': 0}};at=R
r2466	X	64148581	+	X	64148582	-	aid=r2466;cn={'2': {'AA': 0, 'AB': 0, 'BA': 0, 'BB': 0}};at=R
r2467	X	64184358	+	X	64184359	-	aid=r2467;cn={'2': {'AA': 0, 'AB': 0, 'BA': 0, 'BB': 0}};at=R
r2468	X	64495409	+	X	64495410	-	aid=r2468;cn={'2': {'AA': 0, 'AB': 0, 'BA': 0, 'BB': 0}};at=R
r2469	X	64495538	+	X	64495539	-	aid=r2469;cn={'2': {'AA': 0, 'AB': 0, 'BA': 0, 'BB': 8}};at=R
r2470	X	64604817	+	X	64604818	-	aid=r2470;cn={'2': {'AA': 0, 'AB': 0, 'BA': 0, 'BB': 8}};at=R
r2471	X	64634660	+	X	64634661	-	aid=r2471;cn={'2': {'AA': 0, 'AB': 0, 'BA': 0, 'BB': 8}};at=R
r2472	X	64634810	+	X	64634811	-	aid=r2472;cn={'2': {'AA': 0, 'AB': 0, 'BA': 0, 'BB': 9}};at=R
r2473	X	64735885	+	X	64735886	-	aid=r2473;cn={'2': {'AA': 1, 'AB': 0, 'BA': 0, 'BB': 9}};at=R
r2474	X	64736345	+	X	64736346	-	aid=r2474;cn={'2': {'AA': 2, 'AB': 0, 'BA': 0, 'BB': 7}};at=R
r2475	X	64743539	+	X	64743540	-	aid=r2475;cn={'2': {'AA': 2, 'AB': 0, 'BA': 0, 'BB': 7}};at=R
r2476	X	64744457	+	X	64744458	-	aid=r2476;cn={'2': {'AA': 0, 'AB': 0, 'BA': 0, 'BB': 10}};at=R
r2477	X	64797193	+	X	64797194	-	aid=r2477;cn={'2': {'AA': 0, 'AB': 0, 'BA': 0, 'BB': 10}};at=R
r2478	X	64973918	+	X	64973919	-	aid=r2478;cn={'2': {'AA': 0, 'AB': 0, 'BA': 0, 'BB': 10}};at=R
r2479	X	66618895	+	X	66618896	-	aid=r2479;cn={'2': {'AA': 0, 'AB': 0, 'BA': 0, 'BB': 10}};at=R
r2480	X	67039699	+	X	67039700	-	aid=r2480;cn={'2': {'AA': 0, 'AB': 0, 'BA': 0, 'BB': 10}};at=R
r2481	X	67040172	+	X	67040173	-	aid=r2481;cn={'2': {'AA': 0, 'AB': 0, 'BA': 0, 'BB': 7}};at=R
r2482	X	67073604	+	X	67073605	-	aid=r2482;cn={'2': {'AA': 0, 'AB': 0, 'BA': 0, 'BB': 7}};at=R
r2483	X	67080714	+	X	67080715	-	aid=r2483;cn={'2': {'AA': 0, 'AB': 0, 'BA': 0, 'BB': 7}};at=R
r2484	X	67269358	+	X	67269359	-	aid=r2484;cn={'2': {'AA': 0, 'AB': 0, 'BA': 0, 'BB': 9}};at=R
r2485	X	67539469	+	X	67539470	-	aid=r2485;cn={'2': {'AA': 0, 'AB': 0, 'BA': 0, 'BB': 9}};at=R
r2486	X	67745797	+	X	67745798	-	aid=r2486;cn={'2': {'AA': 0, 'AB': 0, 'BA': 0, 'BB': 9}};at=R
r2487	X	67969039	+	X	67969040	-	aid=r2487;cn={'2': {'AA': 0, 'AB': 0, 'BA': 0, 'BB': 9}};at=R
r2488	X	67993596	+	X	67993597	-	aid=r2488;cn={'2': {'AA': 0, 'AB': 0, 'BA': 0, 'BB': 8}};at=R
r2489	X	68001036	+	X	68001037	-	aid=r2489;cn={'2': {'AA': 0, 'AB': 0, 'BA': 0, 'BB': 8}};at=R
r2490	X	68566749	+	X	68566750	-	aid=r2490;cn={'2': {'AA': 0, 'AB': 0, 'BA': 0, 'BB': 8}};at=R
r2491	X	68715929	+	X	68715930	-	aid=r2491;cn={'2': {'AA': 0, 'AB': 0, 'BA': 0, 'BB': 1}};at=R
r2492	X	68716006	+	X	68716007	-	aid=r2492;cn={'2': {'AA': 0, 'AB': 0, 'BA': 0, 'BB': 1}};at=R
r2493	X	68880254	+	X	68880255	-	aid=r2493;cn={'2': {'AA': 0, 'AB': 0, 'BA': 0, 'BB': 1}};at=R
r2494	X	68880310	+	X	68880311	-	aid=r2494;cn={'2': {'AA': 0, 'AB': 0, 'BA': 0, 'BB': 4}};at=R
r2495	X	68906192	+	X	68906193	-	aid=r2495;cn={'2': {'AA': 0, 'AB': 0, 'BA': 0, 'BB': 4}};at=R
r2496	X	68906222	+	X	68906223	-	aid=r2496;cn={'2': {'AA': 0, 'AB': 0, 'BA': 0, 'BB': 0}};at=R
r2497	X	68906296	+	X	68906297	-	aid=r2497;cn={'2': {'AA': 0, 'AB': 0, 'BA': 0, 'BB': 0}};at=R
r2498	X	69755679	+	X	69755680	-	aid=r2498;cn={'2': {'AA': 0, 'AB': 0, 'BA': 0, 'BB': 2}};at=R
r2499	X	69755961	+	X	69755962	-	aid=r2499;cn={'2': {'AA': 0, 'AB': 0, 'BA': 0, 'BB': 1}};at=R
r2500	X	70214165	+	X	70214166	-	aid=r2500;cn={'2': {'AA': 0, 'AB': 0, 'BA': 0, 'BB': 1}};at=R
r2501	X	70214416	+	X	70214417	-	aid=r2501;cn={'2': {'AA': 0, 'AB': 0, 'BA': 0, 'BB': 1}};at=R
r2502	X	70776436	+	X	70776437	-	aid=r2502;cn={'2': {'AA': 0, 'AB': 0, 'BA': 0, 'BB': 1}};at=R
r2503	X	70776697	+	X	70776698	-	aid=r2503;cn={'2': {'AA': 0, 'AB': 0, 'BA': 0, 'BB': 3}};at=R
r2504	X	71717374	+	X	71717375	-	aid=r2504;cn={'2': {'AA': 0, 'AB': 0, 'BA': 0, 'BB': 3}};at=R
r2505	X	71718548	+	X	71718549	-	aid=r2505;cn={'2': {'AA': 0, 'AB': 0, 'BA': 0, 'BB': 2}};at=R
r2506	X	71763452	+	X	71763453	-	aid=r2506;cn={'2': {'AA': 0, 'AB': 0, 'BA': 0, 'BB': 2}};at=R
r2507	X	71764925	+	X	71764926	-	aid=r2507;cn={'2': {'AA': 0, 'AB': 0, 'BA': 0, 'BB': 1}};at=R
r2508	X	71765660	+	X	71765661	-	aid=r2508;cn={'2': {'AA': 0, 'AB': 0, 'BA': 0, 'BB': 1}};at=R
r2509	X	72242432	+	X	72242433	-	aid=r2509;cn={'2': {'AA': 0, 'AB': 0, 'BA': 0, 'BB': 1}};at=R
r2510	X	72242765	+	X	72242766	-	aid=r2510;cn={'2': {'AA': 0, 'AB': 0, 'BA': 0, 'BB': 1}};at=R
r2511	X	72796399	+	X	72796400	-	aid=r2511;cn={'2': {'AA': 0, 'AB': 0, 'BA': 0, 'BB': 1}};at=R
r2512	X	72796427	+	X	72796428	-	aid=r2512;cn={'2': {'AA': 0, 'AB': 0, 'BA': 0, 'BB': 1}};at=R
r2513	X	72828764	+	X	72828765	-	aid=r2513;cn={'2': {'AA': 0, 'AB': 0, 'BA': 0, 'BB': 6}};at=R
r2514	X	72829522	+	X	72829523	-	aid=r2514;cn={'2': {'AA': 0, 'AB': 0, 'BA': 0, 'BB': 5}};at=R
r2515	X	72923688	+	X	72923689	-	aid=r2515;cn={'2': {'AA': 0, 'AB': 0, 'BA': 0, 'BB': 5}};at=R
r2516	X	73024634	+	X	73024635	-	aid=r2516;cn={'2': {'AA': 0, 'AB': 0, 'BA': 0, 'BB': 5}};at=R
r2517	X	73025578	+	X	73025579	-	aid=r2517;cn={'2': {'AA': 0, 'AB': 0, 'BA': 0, 'BB': 6}};at=R
r2518	X	73075433	+	X	73075434	-	aid=r2518;cn={'2': {'AA': 0, 'AB': 0, 'BA': 0, 'BB': 6}};at=R
r2519	X	73516522	+	X	73516523	-	aid=r2519;cn={'2': {'AA': 0, 'AB': 0, 'BA': 0, 'BB': 6}};at=R
r2520	X	73708500	+	X	73708501	-	aid=r2520;cn={'2': {'AA': 0, 'AB': 0, 'BA': 0, 'BB': 6}};at=R
r2521	X	73708593	+	X	73708594	-	aid=r2521;cn={'2': {'AA': 0, 'AB': 0, 'BA': 0, 'BB': 1}};at=R
r2522	X	74240377	+	X	74240378	-	aid=r2522;cn={'2': {'AA': 0, 'AB': 0, 'BA': 0, 'BB': 1}};at=R
r2523	X	74240896	+	X	74240897	-	aid=r2523;cn={'2': {'AA': 0, 'AB': 0, 'BA': 0, 'BB': 1}};at=R
r2524	X	74674725	+	X	74674726	-	aid=r2524;cn={'2': {'AA': 0, 'AB': 0, 'BA': 0, 'BB': 1}};at=R
r2525	X	74675364	+	X	74675365	-	aid=r2525;cn={'2': {'AA': 0, 'AB': 0, 'BA': 0, 'BB': 1}};at=R
r2526	X	74736222	+	X	74736223	-	aid=r2526;cn={'2': {'AA': 0, 'AB': 0, 'BA': 0, 'BB': 1}};at=R
r2527	X	74738309	+	X	74738310	-	aid=r2527;cn={'2': {'AA': 0, 'AB': 0, 'BA': 0, 'BB': 1}};at=R
r2528	X	75432129	+	X	75432130	-	aid=r2528;cn={'2': {'AA': 0, 'AB': 0, 'BA': 0, 'BB': 1}};at=R
r2529	X	75433141	+	X	75433142	-	aid=r2529;cn={'2': {'AA': 0, 'AB': 0, 'BA': 0, 'BB': 1}};at=R
r2530	X	75564600	+	X	75564601	-	aid=r2530;cn={'2': {'AA': 0, 'AB': 0, 'BA': 0, 'BB': 1}};at=R
r2531	X	75564931	+	X	75564932	-	aid=r2531;cn={'2': {'AA': 0, 'AB': 0, 'BA': 0, 'BB': 1}};at=R
r2532	X	78355038	+	X	78355039	-	aid=r2532;cn={'2': {'AA': 0, 'AB': 0, 'BA': 0, 'BB': 0}};at=R
r2533	X	78355044	+	X	78355045	-	aid=r2533;cn={'2': {'AA': 0, 'AB': 0, 'BA': 0, 'BB': 0}};at=R
r2534	X	84791164	+	X	84791165	-	aid=r2534;cn={'2': {'AA': 0, 'AB': 0, 'BA': 0, 'BB': 0}};at=R
r2535	X	84791199	+	X	84791200	-	aid=r2535;cn={'2': {'AA': 0, 'AB': 0, 'BA': 0, 'BB': 5}};at=R
r2536	X	84834635	+	X	84834636	-	aid=r2536;cn={'2': {'AA': 0, 'AB': 0, 'BA': 0, 'BB': 0}};at=R
r2537	X	84834685	+	X	84834686	-	aid=r2537;cn={'2': {'AA': 0, 'AB': 0, 'BA': 0, 'BB': 0}};at=R
r2538	X	87544585	+	X	87544586	-	aid=r2538;cn={'2': {'AA': 0, 'AB': 0, 'BA': 0, 'BB': 0}};at=R
r2539	X	87544645	+	X	87544646	-	aid=r2539;cn={'2': {'AA': 1, 'AB': 0, 'BA': 0, 'BB': 0}};at=R
r2540	X	87618441	+	X	87618442	-	aid=r2540;cn={'2': {'AA': 0, 'AB': 0, 'BA': 0, 'BB': 0}};at=R
r2541	X	87618456	+	X	87618457	-	aid=r2541;cn={'2': {'AA': 0, 'AB': 0, 'BA': 0, 'BB': 0}};at=R
r2542	X	87687295	+	X	87687296	-	aid=r2542;cn={'2': {'AA': 0, 'AB': 0, 'BA': 0, 'BB': 0}};at=R
r2543	X	87687578	+	X	87687579	-	aid=r2543;cn={'2': {'AA': 1, 'AB': 0, 'BA': 0, 'BB': 0}};at=R
r2544	X	87880345	+	X	87880346	-	aid=r2544;cn={'2': {'AA': 0, 'AB': 0, 'BA': 0, 'BB': 0}};at=R
r2545	X	87880421	+	X	87880422	-	aid=r2545;cn={'2': {'AA': 0, 'AB': 0, 'BA': 0, 'BB': 0}};at=R
r2546	X	88018317	+	X	88018318	-	aid=r2546;cn={'2': {'AA': 0, 'AB': 0, 'BA': 0, 'BB': 0}};at=R
r2547	X	88018378	+	X	88018379	-	aid=r2547;cn={'2': {'AA': 0, 'AB': 0, 'BA': 0, 'BB': 8}};at=R
r2548	X	88453344	+	X	88453345	-	aid=r2548;cn={'2': {'AA': 0, 'AB': 0, 'BA': 0, 'BB': 8}};at=R
r2549	X	88486115	+	X	88486116	-	aid=r2549;cn={'2': {'AA': 0, 'AB': 0, 'BA': 0, 'BB': 8}};at=R
r2550	X	88706219	+	X	88706220	-	aid=r2550;cn={'2': {'AA': 0, 'AB': 0, 'BA': 0, 'BB': 8}};at=R
r2551	X	88706289	+	X	88706290	-	aid=r2551;cn={'2': {'AA': 0, 'AB': 0, 'BA': 0, 'BB': 8}};at=R
r2552	X	90295009	+	X	90295010	-	aid=r2552;cn={'2': {'AA': 0, 'AB': 0, 'BA': 0, 'BB': 8}};at=R
r2553	X	90295179	+	X	90295180	-	aid=r2553;cn={'2': {'AA': 0, 'AB': 0, 'BA': 0, 'BB': 7}};at=R
r2554	X	90314055	+	X	90314056	-	aid=r2554;cn={'2': {'AA': 0, 'AB': 0, 'BA': 0, 'BB': 7}};at=R
r2555	X	90314915	+	X	90314916	-	aid=r2555;cn={'2': {'AA': 0, 'AB': 0, 'BA': 0, 'BB': 7}};at=R
r2556	X	90314995	+	X	90314996	-	aid=r2556;cn={'2': {'AA': 0, 'AB': 0, 'BA': 0, 'BB': 7}};at=R
r2557	X	90403026	+	X	90403027	-	aid=r2557;cn={'2': {'AA': 0, 'AB': 0, 'BA': 0, 'BB': 8}};at=R
r2558	X	90406069	+	X	90406070	-	aid=r2558;cn={'2': {'AA': 0, 'AB': 0, 'BA': 0, 'BB': 8}};at=R
r2559	X	90575519	+	X	90575520	-	aid=r2559;cn={'2': {'AA': 0, 'AB': 0, 'BA': 0, 'BB': 0}};at=R
r2560	X	90575693	+	X	90575694	-	aid=r2560;cn={'2': {'AA': 0, 'AB': 0, 'BA': 0, 'BB': 0}};at=R
r2561	X	90782487	+	X	90782488	-	aid=r2561;cn={'2': {'AA': 0, 'AB': 0, 'BA': 0, 'BB': 0}};at=R
r2562	X	90782613	+	X	90782614	-	aid=r2562;cn={'2': {'AA': 1, 'AB': 0, 'BA': 0, 'BB': 0}};at=R
r2563	X	90910483	+	X	90910484	-	aid=r2563;cn={'2': {'AA': 1, 'AB': 0, 'BA': 0, 'BB': 0}};at=R
r2564	X	90912235	+	X	90912236	-	aid=r2564;cn={'2': {'AA': 1, 'AB': 0, 'BA': 0, 'BB': 0}};at=R
r2565	X	93439274	+	X	93439275	-	aid=r2565;cn={'2': {'AA': 1, 'AB': 0, 'BA': 0, 'BB': 0}};at=R
r2566	X	93440105	+	X	93440106	-	aid=r2566;cn={'2': {'AA': 1, 'AB': 0, 'BA': 0, 'BB': 0}};at=R
r2567	X	93612045	+	X	93612046	-	aid=r2567;cn={'2': {'AA': 1, 'AB': 0, 'BA': 0, 'BB': 0}};at=R
r2568	X	93613707	+	X	93613708	-	aid=r2568;cn={'2': {'AA': 1, 'AB': 0, 'BA': 0, 'BB': 0}};at=R
r2569	X	94403316	+	X	94403317	-	aid=r2569;cn={'2': {'AA': 1, 'AB': 0, 'BA': 0, 'BB': 0}};at=R
r2570	X	94403452	+	X	94403453	-	aid=r2570;cn={'2': {'AA': 1, 'AB': 0, 'BA': 0, 'BB': 0}};at=R
r2571	X	99147811	+	X	99147812	-	aid=r2571;cn={'2': {'AA': 1, 'AB': 0, 'BA': 0, 'BB': 0}};at=R
r2572	X	99148166	+	X	99148167	-	aid=r2572;cn={'2': {'AA': 0, 'AB': 0, 'BA': 0, 'BB': 0}};at=R
r2573	X	99149003	+	X	99149004	-	aid=r2573;cn={'2': {'AA': 0, 'AB': 0, 'BA': 0, 'BB': 0}};at=R
r2574	X	99149082	+	X	99149083	-	aid=r2574;cn={'2': {'AA': 1, 'AB': 0, 'BA': 0, 'BB': 0}};at=R
r2575	X	99943173	+	X	99943174	-	aid=r2575;cn={'2': {'AA': 1, 'AB': 0, 'BA': 0, 'BB': 0}};at=R
r2576	X	99946383	+	X	99946384	-	aid=r2576;cn={'2': {'AA': 1, 'AB': 0, 'BA': 0, 'BB': 0}};at=R
r2577	X	100688969	+	X	100688970	-	aid=r2577;cn={'2': {'AA': 1, 'AB': 0, 'BA': 0, 'BB': 0}};at=R
r2578	X	100691742	+	X	100691743	-	aid=r2578;cn={'2': {'AA': 1, 'AB': 0, 'BA': 0, 'BB': 0}};at=R
r2579	X	101433194	+	X	101433195	-	aid=r2579;cn={'2': {'AA': 1, 'AB': 0, 'BA': 0, 'BB': 0}};at=R
r2580	X	101433415	+	X	101433416	-	aid=r2580;cn={'2': {'AA': 1, 'AB': 0, 'BA': 0, 'BB': 0}};at=R
r2581	X	108354924	+	X	108354925	-	aid=r2581;cn={'2': {'AA': 1, 'AB': 0, 'BA': 0, 'BB': 0}};at=R
r2582	X	108355250	+	X	108355251	-	aid=r2582;cn={'2': {'AA': 1, 'AB': 0, 'BA': 0, 'BB': 0}};at=R
r2583	X	111045535	+	X	111045536	-	aid=r2583;cn={'2': {'AA': 1, 'AB': 0, 'BA': 0, 'BB': 0}};at=R
r2584	X	111046100	+	X	111046101	-	aid=r2584;cn={'2': {'AA': 1, 'AB': 0, 'BA': 0, 'BB': 0}};at=R
r2585	X	111500843	+	X	111500844	-	aid=r2585;cn={'2': {'AA': 1, 'AB': 0, 'BA': 0, 'BB': 0}};at=R
r2586	X	111502501	+	X	111502502	-	aid=r2586;cn={'2': {'AA': 1, 'AB': 0, 'BA': 0, 'BB': 0}};at=R
r2587	X	114251111	+	X	114251112	-	aid=r2587;cn={'2': {'AA': 1, 'AB': 0, 'BA': 0, 'BB': 0}};at=R
r2588	X	114252125	+	X	114252126	-	aid=r2588;cn={'2': {'AA': 1, 'AB': 0, 'BA': 0, 'BB': 0}};at=R
r2589	X	114635116	+	X	114635117	-	aid=r2589;cn={'2': {'AA': 1, 'AB': 0, 'BA': 0, 'BB': 0}};at=R
r2590	X	114638495	+	X	114638496	-	aid=r2590;cn={'2': {'AA': 1, 'AB': 0, 'BA': 0, 'BB': 0}};at=R
r2591	X	117539925	+	X	117539926	-	aid=r2591;cn={'2': {'AA': 1, 'AB': 0, 'BA': 0, 'BB': 0}};at=R
r2592	X	117540243	+	X	117540244	-	aid=r2592;cn={'2': {'AA': 1, 'AB': 0, 'BA': 0, 'BB': 0}};at=R
r2593	X	118464760	+	X	118464761	-	aid=r2593;cn={'2': {'AA': 1, 'AB': 0, 'BA': 0, 'BB': 0}};at=R
r2594	X	118468281	+	X	118468282	-	aid=r2594;cn={'2': {'AA': 1, 'AB': 0, 'BA': 0, 'BB': 0}};at=R
r2595	X	118944706	+	X	118944707	-	aid=r2595;cn={'2': {'AA': 1, 'AB': 0, 'BA': 0, 'BB': 0}};at=R
r2596	X	118945581	+	X	118945582	-	aid=r2596;cn={'2': {'AA': 1, 'AB': 0, 'BA': 0, 'BB': 0}};at=R
r2597	X	119548479	+	X	119548480	-	aid=r2597;cn={'2': {'AA': 1, 'AB': 0, 'BA': 0, 'BB': 0}};at=R
r2598	X	119549625	+	X	119549626	-	aid=r2598;cn={'2': {'AA': 1, 'AB': 0, 'BA': 0, 'BB': 0}};at=R
r2599	X	119606877	+	X	119606878	-	aid=r2599;cn={'2': {'AA': 1, 'AB': 0, 'BA': 0, 'BB': 0}};at=R
r2600	X	119607540	+	X	119607541	-	aid=r2600;cn={'2': {'AA': 1, 'AB': 0, 'BA': 0, 'BB': 0}};at=R
r2601	X	121974134	+	X	121974135	-	aid=r2601;cn={'2': {'AA': 1, 'AB': 0, 'BA': 0, 'BB': 0}};at=R
r2602	X	121976658	+	X	121976659	-	aid=r2602;cn={'2': {'AA': 1, 'AB': 0, 'BA': 0, 'BB': 0}};at=R
r2603	X	122696676	+	X	122696677	-	aid=r2603;cn={'2': {'AA': 1, 'AB': 0, 'BA': 0, 'BB': 0}};at=R
r2604	X	122697651	+	X	122697652	-	aid=r2604;cn={'2': {'AA': 1, 'AB': 0, 'BA': 0, 'BB': 0}};at=R
r2605	X	123299835	+	X	123299836	-	aid=r2605;cn={'2': {'AA': 1, 'AB': 0, 'BA': 0, 'BB': 0}};at=R
r2606	X	123300417	+	X	123300418	-	aid=r2606;cn={'2': {'AA': 1, 'AB': 0, 'BA': 0, 'BB': 0}};at=R
r2607	X	123459218	+	X	123459219	-	aid=r2607;cn={'2': {'AA': 1, 'AB': 0, 'BA': 0, 'BB': 0}};at=R
r2608	X	123459972	+	X	123459973	-	aid=r2608;cn={'2': {'AA': 1, 'AB': 0, 'BA': 0, 'BB': 0}};at=R
r2609	X	125060482	+	X	125060483	-	aid=r2609;cn={'2': {'AA': 1, 'AB': 0, 'BA': 0, 'BB': 0}};at=R
r2610	X	125061378	+	X	125061379	-	aid=r2610;cn={'2': {'AA': 1, 'AB': 0, 'BA': 0, 'BB': 0}};at=R
r2611	X	126212353	+	X	126212354	-	aid=r2611;cn={'2': {'AA': 1, 'AB': 0, 'BA': 0, 'BB': 0}};at=R
r2612	X	126214112	+	X	126214113	-	aid=r2612;cn={'2': {'AA': 1, 'AB': 0, 'BA': 0, 'BB': 0}};at=R
r2613	X	128418055	+	X	128418056	-	aid=r2613;cn={'2': {'AA': 1, 'AB': 0, 'BA': 0, 'BB': 0}};at=R
r2614	X	128418618	+	X	128418619	-	aid=r2614;cn={'2': {'AA': 1, 'AB': 0, 'BA': 0, 'BB': 0}};at=R
r2615	X	129027591	+	X	129027592	-	aid=r2615;cn={'2': {'AA': 1, 'AB': 0, 'BA': 0, 'BB': 0}};at=R
r2616	X	129029849	+	X	129029850	-	aid=r2616;cn={'2': {'AA': 1, 'AB': 0, 'BA': 0, 'BB': 0}};at=R
r2617	X	132580279	+	X	132580280	-	aid=r2617;cn={'2': {'AA': 1, 'AB': 0, 'BA': 0, 'BB': 0}};at=R
r2618	X	132586525	+	X	132586526	-	aid=r2618;cn={'2': {'AA': 1, 'AB': 0, 'BA': 0, 'BB': 0}};at=R
r2619	X	134451423	+	X	134451424	-	aid=r2619;cn={'2': {'AA': 1, 'AB': 0, 'BA': 0, 'BB': 0}};at=R
r2620	X	134452448	+	X	134452449	-	aid=r2620;cn={'2': {'AA': 1, 'AB': 0, 'BA': 0, 'BB': 0}};at=R
r2621	X	137075735	+	X	137075736	-	aid=r2621;cn={'2': {'AA': 1, 'AB': 0, 'BA': 0, 'BB': 0}};at=R
r2622	X	137077297	+	X	137077298	-	aid=r2622;cn={'2': {'AA': 1, 'AB': 0, 'BA': 0, 'BB': 0}};at=R
r2623	X	138584547	+	X	138584548	-	aid=r2623;cn={'2': {'AA': 1, 'AB': 0, 'BA': 0, 'BB': 0}};at=R
r2624	X	138587006	+	X	138587007	-	aid=r2624;cn={'2': {'AA': 1, 'AB': 0, 'BA': 0, 'BB': 0}};at=R
r2625	X	139146377	+	X	139146378	-	aid=r2625;cn={'2': {'AA': 1, 'AB': 0, 'BA': 0, 'BB': 0}};at=R
r2626	X	139146545	+	X	139146546	-	aid=r2626;cn={'2': {'AA': 1, 'AB': 0, 'BA': 0, 'BB': 0}};at=R
r2627	X	143590351	+	X	143590352	-	aid=r2627;cn={'2': {'AA': 1, 'AB': 0, 'BA': 0, 'BB': 0}};at=R
r2628	X	143592102	+	X	143592103	-	aid=r2628;cn={'2': {'AA': 1, 'AB': 0, 'BA': 0, 'BB': 0}};at=R
r2629	X	144358115	+	X	144358116	-	aid=r2629;cn={'2': {'AA': 1, 'AB': 0, 'BA': 0, 'BB': 0}};at=R
r2630	X	144358127	+	X	144358128	-	aid=r2630;cn={'2': {'AA': 0, 'AB': 0, 'BA': 0, 'BB': 0}};at=R
r2631	X	146942015	+	X	146942016	-	aid=r2631;cn={'2': {'AA': 0, 'AB': 0, 'BA': 0, 'BB': 0}};at=R
r2632	X	146942024	+	X	146942025	-	aid=r2632;cn={'2': {'AA': 1, 'AB': 0, 'BA': 0, 'BB': 0}};at=R
r2633	X	150189073	+	X	150189074	-	aid=r2633;cn={'2': {'AA': 1, 'AB': 0, 'BA': 0, 'BB': 0}};at=R
r2634	X	150190182	+	X	150190183	-	aid=r2634;cn={'2': {'AA': 1, 'AB': 0, 'BA': 0, 'BB': 0}};at=R
r2635	X	150655813	+	X	150655814	-	aid=r2635;cn={'2': {'AA': 1, 'AB': 0, 'BA': 0, 'BB': 0}};at=R
r2636	X	150656452	+	X	150656453	-	aid=r2636;cn={'2': {'AA': 1, 'AB': 0, 'BA': 0, 'BB': 0}};at=R
r2637	X	151574747	+	X	151574748	-	aid=r2637;cn={'2': {'AA': 1, 'AB': 0, 'BA': 0, 'BB': 0}};at=R
r2638	X	151575921	+	X	151575922	-	aid=r2638;cn={'2': {'AA': 1, 'AB': 0, 'BA': 0, 'BB': 0}};at=R
r2639	X	152194400	+	X	152194401	-	aid=r2639;cn={'2': {'AA': 1, 'AB': 0, 'BA': 0, 'BB': 0}};at=R
r2640	X	152195307	+	X	152195308	-	aid=r2640;cn={'2': {'AA': 1, 'AB': 0, 'BA': 0, 'BB': 0}};at=R
r2641	X	152673341	+	X	152673342	-	aid=r2641;cn={'2': {'AA': 1, 'AB': 0, 'BA': 0, 'BB': 0}};at=R
r2642	X	152675742	+	X	152675743	-	aid=r2642;cn={'2': {'AA': 1, 'AB': 0, 'BA': 0, 'BB': 0}};at=R
r2643	X	153165178	+	X	153165179	-	aid=r2643;cn={'2': {'AA': 1, 'AB': 0, 'BA': 0, 'BB': 0}};at=R
