chr	start	end	extra
1	0	49999	cn={'1': {'A': 0, 'B': 1}, '2': {'A': 0, 'B': 1}}
1	50000	99999	cn={'1': {'A': 0, 'B': 1}, '2': {'A': 0, 'B': 1}}
1	100000	149999	cn={'1': {'A': 0, 'B': 1}, '2': {'A': 0, 'B': 1}}
1	150000	199999	cn={'1': {'A': 0, 'B': 1}, '2': {'A': 0, 'B': 1}}
1	200000	549999	cn={'1': {'A': 0, 'B': 1}, '2': {'A': 0, 'B': 1}}
1	550000	624999	cn={'1': {'A': 0, 'B': 1}, '2': {'A': 0, 'B': 1}}
1	625000	11551815	cn={'1': {'A': 0, 'B': 1}, '2': {'A': 0, 'B': 1}}
1	11551816	11553217	cn={'1': {'A': 0, 'B': 1}, '2': {'A': 0, 'B': 1}}
1	11553218	14180678	cn={'1': {'A': 0, 'B': 1}, '2': {'A': 0, 'B': 1}}
1	14180679	14199999	cn={'1': {'A': 1, 'B': 1}, '2': {'A': 2, 'B': 1}}
1	14200000	15949999	cn={'1': {'A': 1, 'B': 1}, '2': {'A': 2, 'B': 1}}
1	15950000	15999999	cn={'1': {'A': 1, 'B': 1}, '2': {'A': 2, 'B': 1}}
1	16000000	16849999	cn={'1': {'A': 1, 'B': 1}, '2': {'A': 2, 'B': 1}}
1	16850000	17149999	cn={'1': {'A': 1, 'B': 1}, '2': {'A': 2, 'B': 1}}
1	17150000	17285059	cn={'1': {'A': 1, 'B': 1}, '2': {'A': 2, 'B': 1}}
1	17285060	17285683	cn={'1': {'A': 1, 'B': 1}, '2': {'A': 2, 'B': 1}}
1	17285684	20499999	cn={'1': {'A': 1, 'B': 1}, '2': {'A': 2, 'B': 1}}
1	20500000	20520170	cn={'1': {'A': 1, 'B': 1}, '2': {'A': 2, 'B': 1}}
1	20520171	20549999	cn={'1': {'A': 1, 'B': 1}, '2': {'A': 1, 'B': 1}}
1	20550000	20843480	cn={'1': {'A': 1, 'B': 1}, '2': {'A': 1, 'B': 1}}
1	20843481	20845052	cn={'1': {'A': 1, 'B': 1}, '2': {'A': 1, 'B': 1}}
1	20845053	24049999	cn={'1': {'A': 1, 'B': 1}, '2': {'A': 1, 'B': 1}}
1	24050000	24099999	cn={'1': {'A': 1, 'B': 1}, '2': {'A': 1, 'B': 1}}
1	24100000	25599999	cn={'1': {'A': 1, 'B': 1}, '2': {'A': 1, 'B': 1}}
1	25600000	25649999	cn={'1': {'A': 1, 'B': 1}, '2': {'A': 1, 'B': 1}}
1	25650000	29312664	cn={'1': {'A': 1, 'B': 1}, '2': {'A': 1, 'B': 1}}
1	29312665	43914554	cn={'1': {'A': 1, 'B': 1}, '2': {'A': 1, 'B': 1}}
1	43914555	43920514	cn={'1': {'A': 1, 'B': 1}, '2': {'A': 1, 'B': 1}}
1	43920515	47649999	cn={'1': {'A': 1, 'B': 1}, '2': {'A': 1, 'B': 1}}
1	47650000	47699999	cn={'1': {'A': 1, 'B': 1}, '2': {'A': 1, 'B': 1}}
1	47700000	57939820	cn={'1': {'A': 1, 'B': 1}, '2': {'A': 1, 'B': 1}}
1	57939821	57974999	cn={'1': {'A': 0, 'B': 1}, '2': {'A': 0, 'B': 1}}
1	57975000	65332294	cn={'1': {'A': 0, 'B': 1}, '2': {'A': 0, 'B': 1}}
1	65332295	65349999	cn={'1': {'A': 0, 'B': 0}, '2': {'A': 0, 'B': 0}}
1	65350000	67524999	cn={'1': {'A': 0, 'B': 0}, '2': {'A': 0, 'B': 0}}
1	67525000	67565182	cn={'1': {'A': 0, 'B': 0}, '2': {'A': 0, 'B': 0}}
1	67565183	85499999	cn={'1': {'A': 0, 'B': 1}, '2': {'A': 0, 'B': 1}}
1	85500000	85549999	cn={'1': {'A': 0, 'B': 1}, '2': {'A': 0, 'B': 1}}
1	85550000	117588895	cn={'1': {'A': 0, 'B': 1}, '2': {'A': 0, 'B': 1}}
1	117588896	117599999	cn={'1': {'A': 1, 'B': 1}, '2': {'A': 1, 'B': 1}}
1	117600000	120699999	cn={'1': {'A': 1, 'B': 1}, '2': {'A': 1, 'B': 1}}
1	120700000	120749999	cn={'1': {'A': 1, 'B': 1}, '2': {'A': 1, 'B': 1}}
1	120750000	120849999	cn={'1': {'A': 1, 'B': 1}, '2': {'A': 1, 'B': 1}}
1	120850000	120899999	cn={'1': {'A': 1, 'B': 1}, '2': {'A': 1, 'B': 1}}
1	120900000	121199999	cn={'1': {'A': 1, 'B': 1}, '2': {'A': 1, 'B': 1}}
1	121200000	131999999	cn={'1': {'A': 1, 'B': 1}, '2': {'A': 1, 'B': 1}}
1	132000000	142749999	cn={'1': {'A': 1, 'B': 1}, '2': {'A': 1, 'B': 1}}
1	142750000	142899999	cn={'1': {'A': 1, 'B': 1}, '2': {'A': 1, 'B': 1}}
1	142900000	142949999	cn={'1': {'A': 1, 'B': 1}, '2': {'A': 1, 'B': 1}}
1	142950000	143749999	cn={'1': {'A': 1, 'B': 1}, '2': {'A': 1, 'B': 1}}
1	143750000	143824999	cn={'1': {'A': 1, 'B': 1}, '2': {'A': 1, 'B': 1}}
1	143825000	143999999	cn={'1': {'A': 1, 'B': 1}, '2': {'A': 1, 'B': 1}}
1	144000000	144049999	cn={'1': {'A': 1, 'B': 1}, '2': {'A': 1, 'B': 1}}
1	144050000	144124999	cn={'1': {'A': 1, 'B': 1}, '2': {'A': 1, 'B': 1}}
1	144125000	144399999	cn={'1': {'A': 1, 'B': 1}, '2': {'A': 1, 'B': 1}}
1	144400000	145299999	cn={'1': {'A': 1, 'B': 1}, '2': {'A': 1, 'B': 1}}
1	145300000	145349999	cn={'1': {'A': 1, 'B': 1}, '2': {'A': 1, 'B': 1}}
1	145350000	146199999	cn={'1': {'A': 1, 'B': 1}, '2': {'A': 1, 'B': 1}}
1	146200000	146299999	cn={'1': {'A': 1, 'B': 1}, '2': {'A': 1, 'B': 1}}
1	146300000	146357067	cn={'1': {'A': 1, 'B': 1}, '2': {'A': 1, 'B': 1}}
1	146357068	147599999	cn={'1': {'A': 1, 'B': 1}, '2': {'A': 1, 'B': 1}}
1	147600000	147674999	cn={'1': {'A': 1, 'B': 1}, '2': {'A': 1, 'B': 1}}
1	147675000	148099999	cn={'1': {'A': 1, 'B': 1}, '2': {'A': 1, 'B': 1}}
1	148100000	148199999	cn={'1': {'A': 1, 'B': 1}, '2': {'A': 1, 'B': 1}}
1	148200000	148299999	cn={'1': {'A': 1, 'B': 1}, '2': {'A': 1, 'B': 1}}
1	148300000	148349999	cn={'1': {'A': 1, 'B': 1}, '2': {'A': 1, 'B': 1}}
1	148350000	148599999	cn={'1': {'A': 1, 'B': 1}, '2': {'A': 1, 'B': 1}}
1	148600000	148649999	cn={'1': {'A': 1, 'B': 1}, '2': {'A': 1, 'B': 1}}
1	148650000	148699999	cn={'1': {'A': 1, 'B': 1}, '2': {'A': 1, 'B': 1}}
1	148700000	148749999	cn={'1': {'A': 1, 'B': 1}, '2': {'A': 1, 'B': 1}}
1	148750000	149249999	cn={'1': {'A': 1, 'B': 1}, '2': {'A': 1, 'B': 1}}
1	149250000	149284932	cn={'1': {'A': 1, 'B': 1}, '2': {'A': 1, 'B': 1}}
1	149284933	149299999	cn={'1': {'A': 1, 'B': 1}, '2': {'A': 1, 'B': 2}}
1	149300000	149599999	cn={'1': {'A': 1, 'B': 1}, '2': {'A': 1, 'B': 2}}
1	149600000	149649999	cn={'1': {'A': 1, 'B': 1}, '2': {'A': 1, 'B': 2}}
1	149650000	149699999	cn={'1': {'A': 1, 'B': 1}, '2': {'A': 1, 'B': 2}}
1	149700000	149749999	cn={'1': {'A': 1, 'B': 1}, '2': {'A': 1, 'B': 2}}
1	149750000	152849999	cn={'1': {'A': 1, 'B': 1}, '2': {'A': 1, 'B': 2}}
1	152850000	152933068	cn={'1': {'A': 1, 'B': 1}, '2': {'A': 1, 'B': 2}}
1	152933069	152949999	cn={'1': {'A': 1, 'B': 1}, '2': {'A': 1, 'B': 2}}
1	152950000	153057232	cn={'1': {'A': 1, 'B': 1}, '2': {'A': 1, 'B': 2}}
1	153057233	153058296	cn={'1': {'A': 1, 'B': 1}, '2': {'A': 1, 'B': 2}}
1	153058297	153445283	cn={'1': {'A': 1, 'B': 1}, '2': {'A': 1, 'B': 2}}
1	153445284	153446530	cn={'1': {'A': 1, 'B': 1}, '2': {'A': 1, 'B': 2}}
1	153446531	154333316	cn={'1': {'A': 1, 'B': 1}, '2': {'A': 1, 'B': 2}}
1	154333317	154333648	cn={'1': {'A': 1, 'B': 2}, '2': {'A': 1, 'B': 2}}
1	154333649	154338368	cn={'1': {'A': 1, 'B': 1}, '2': {'A': 1, 'B': 2}}
1	154338369	154349999	cn={'1': {'A': 1, 'B': 1}, '2': {'A': 1, 'B': 3}}
1	154350000	156499999	cn={'1': {'A': 1, 'B': 1}, '2': {'A': 1, 'B': 3}}
1	156500000	156549999	cn={'1': {'A': 1, 'B': 1}, '2': {'A': 1, 'B': 3}}
1	156550000	156990402	cn={'1': {'A': 1, 'B': 1}, '2': {'A': 1, 'B': 3}}
1	156990403	156999999	cn={'1': {'A': 1, 'B': 1}, '2': {'A': 1, 'B': 2}}
1	157000000	164087578	cn={'1': {'A': 1, 'B': 1}, '2': {'A': 1, 'B': 2}}
1	164087579	164096305	cn={'1': {'A': 1, 'B': 1}, '2': {'A': 1, 'B': 2}}
1	164096306	168549999	cn={'1': {'A': 1, 'B': 1}, '2': {'A': 1, 'B': 2}}
1	168550000	168599999	cn={'1': {'A': 1, 'B': 1}, '2': {'A': 1, 'B': 2}}
1	168600000	169199999	cn={'1': {'A': 1, 'B': 1}, '2': {'A': 1, 'B': 2}}
1	169200000	169249999	cn={'1': {'A': 1, 'B': 1}, '2': {'A': 1, 'B': 2}}
1	169250000	175036997	cn={'1': {'A': 1, 'B': 1}, '2': {'A': 1, 'B': 2}}
1	175036998	175039859	cn={'1': {'A': 1, 'B': 1}, '2': {'A': 1, 'B': 2}}
1	175039860	177499999	cn={'1': {'A': 1, 'B': 1}, '2': {'A': 1, 'B': 2}}
1	177500000	177599999	cn={'1': {'A': 1, 'B': 1}, '2': {'A': 1, 'B': 2}}
1	177600000	178274999	cn={'1': {'A': 1, 'B': 1}, '2': {'A': 1, 'B': 2}}
1	178275000	178349999	cn={'1': {'A': 1, 'B': 1}, '2': {'A': 1, 'B': 2}}
1	178350000	179249999	cn={'1': {'A': 1, 'B': 1}, '2': {'A': 1, 'B': 2}}
1	179250000	179299999	cn={'1': {'A': 1, 'B': 1}, '2': {'A': 1, 'B': 2}}
1	179300000	185849999	cn={'1': {'A': 1, 'B': 1}, '2': {'A': 1, 'B': 2}}
1	185850000	185924999	cn={'1': {'A': 1, 'B': 1}, '2': {'A': 1, 'B': 2}}
1	185925000	186749999	cn={'1': {'A': 1, 'B': 1}, '2': {'A': 1, 'B': 2}}
1	186750000	186799999	cn={'1': {'A': 1, 'B': 1}, '2': {'A': 1, 'B': 2}}
1	186800000	193149999	cn={'1': {'A': 1, 'B': 1}, '2': {'A': 1, 'B': 2}}
1	193150000	193199999	cn={'1': {'A': 1, 'B': 1}, '2': {'A': 1, 'B': 2}}
1	193200000	196662217	cn={'1': {'A': 1, 'B': 1}, '2': {'A': 1, 'B': 2}}
1	196662218	196666229	cn={'1': {'A': 1, 'B': 1}, '2': {'A': 1, 'B': 2}}
1	196666230	197770716	cn={'1': {'A': 1, 'B': 1}, '2': {'A': 1, 'B': 2}}
1	197770717	200249999	cn={'1': {'A': 1, 'B': 1}, '2': {'A': 1, 'B': 2}}
1	200250000	200299999	cn={'1': {'A': 1, 'B': 1}, '2': {'A': 1, 'B': 2}}
1	200300000	200499999	cn={'1': {'A': 1, 'B': 1}, '2': {'A': 1, 'B': 2}}
1	200500000	200549999	cn={'1': {'A': 1, 'B': 1}, '2': {'A': 1, 'B': 2}}
1	200550000	204041551	cn={'1': {'A': 1, 'B': 1}, '2': {'A': 1, 'B': 2}}
1	204041552	204044259	cn={'1': {'A': 1, 'B': 1}, '2': {'A': 1, 'B': 2}}
1	204044260	204449999	cn={'1': {'A': 1, 'B': 1}, '2': {'A': 1, 'B': 2}}
1	204450000	204499999	cn={'1': {'A': 1, 'B': 1}, '2': {'A': 1, 'B': 2}}
1	204500000	205999999	cn={'1': {'A': 1, 'B': 1}, '2': {'A': 1, 'B': 2}}
1	206000000	206099999	cn={'1': {'A': 1, 'B': 1}, '2': {'A': 1, 'B': 2}}
1	206100000	217494021	cn={'1': {'A': 1, 'B': 1}, '2': {'A': 1, 'B': 2}}
1	217494022	217497756	cn={'1': {'A': 1, 'B': 1}, '2': {'A': 1, 'B': 2}}
1	217497757	217849999	cn={'1': {'A': 1, 'B': 1}, '2': {'A': 1, 'B': 2}}
1	217850000	217874288	cn={'1': {'A': 1, 'B': 1}, '2': {'A': 1, 'B': 2}}
1	217874289	217874515	cn={'1': {'A': 2, 'B': 1}, '2': {'A': 1, 'B': 2}}
1	217874516	217875431	cn={'1': {'A': 2, 'B': 1}, '2': {'A': 1, 'B': 1}}
1	217875432	217875684	cn={'1': {'A': 2, 'B': 1}, '2': {'A': 1, 'B': 1}}
1	217875685	217875833	cn={'1': {'A': 2, 'B': 1}, '2': {'A': 1, 'B': 1}}
1	217875834	217876000	cn={'1': {'A': 2, 'B': 1}, '2': {'A': 1, 'B': 1}}
1	217876001	217899999	cn={'1': {'A': 1, 'B': 1}, '2': {'A': 1, 'B': 1}}
1	217900000	226199999	cn={'1': {'A': 1, 'B': 1}, '2': {'A': 1, 'B': 1}}
1	226200000	226227485	cn={'1': {'A': 1, 'B': 1}, '2': {'A': 1, 'B': 1}}
1	226227486	244878204	cn={'1': {'A': 1, 'B': 0}, '2': {'A': 1, 'B': 0}}
1	244878205	244880428	cn={'1': {'A': 1, 'B': 0}, '2': {'A': 1, 'B': 0}}
1	244880429	249249999	cn={'1': {'A': 1, 'B': 0}, '2': {'A': 1, 'B': 0}}
10	50000	7099999	cn={'1': {'A': 1, 'B': 1}, '2': {'A': 0, 'B': 1}}
10	7100000	13031944	cn={'1': {'A': 1, 'B': 1}, '2': {'A': 0, 'B': 1}}
10	13031945	13032473	cn={'1': {'A': 1, 'B': 1}, '2': {'A': 0, 'B': 1}}
10	13032474	17849999	cn={'1': {'A': 1, 'B': 1}, '2': {'A': 0, 'B': 1}}
10	17850000	18024999	cn={'1': {'A': 1, 'B': 1}, '2': {'A': 0, 'B': 1}}
10	18025000	18099999	cn={'1': {'A': 1, 'B': 1}, '2': {'A': 0, 'B': 1}}
10	18100000	18174999	cn={'1': {'A': 1, 'B': 1}, '2': {'A': 0, 'B': 1}}
10	18175000	20899999	cn={'1': {'A': 1, 'B': 1}, '2': {'A': 0, 'B': 1}}
10	20900000	21824999	cn={'1': {'A': 1, 'B': 1}, '2': {'A': 0, 'B': 1}}
10	21825000	21856295	cn={'1': {'A': 1, 'B': 1}, '2': {'A': 0, 'B': 1}}
10	21856296	23698550	cn={'1': {'A': 1, 'B': 1}, '2': {'A': 1, 'B': 1}}
10	23698551	23699272	cn={'1': {'A': 1, 'B': 0}, '2': {'A': 1, 'B': 1}}
10	23699273	23924999	cn={'1': {'A': 1, 'B': 1}, '2': {'A': 1, 'B': 1}}
10	23925000	24174999	cn={'1': {'A': 1, 'B': 1}, '2': {'A': 1, 'B': 1}}
10	24175000	25499999	cn={'1': {'A': 1, 'B': 1}, '2': {'A': 1, 'B': 1}}
10	25500000	25549999	cn={'1': {'A': 1, 'B': 1}, '2': {'A': 1, 'B': 1}}
10	25550000	30949999	cn={'1': {'A': 1, 'B': 1}, '2': {'A': 1, 'B': 1}}
10	30950000	30999999	cn={'1': {'A': 1, 'B': 1}, '2': {'A': 1, 'B': 1}}
10	31000000	31624999	cn={'1': {'A': 1, 'B': 1}, '2': {'A': 1, 'B': 1}}
10	31625000	31749999	cn={'1': {'A': 1, 'B': 1}, '2': {'A': 1, 'B': 1}}
10	31750000	35149999	cn={'1': {'A': 1, 'B': 1}, '2': {'A': 1, 'B': 1}}
10	35150000	35199999	cn={'1': {'A': 1, 'B': 1}, '2': {'A': 1, 'B': 1}}
10	35200000	38749999	cn={'1': {'A': 1, 'B': 1}, '2': {'A': 1, 'B': 1}}
10	38750000	38899999	cn={'1': {'A': 1, 'B': 1}, '2': {'A': 1, 'B': 1}}
10	38900000	38916426	cn={'1': {'A': 1, 'B': 1}, '2': {'A': 1, 'B': 1}}
10	38916427	38916698	cn={'1': {'A': 1, 'B': 1}, '2': {'A': 1, 'B': 1}}
10	38916699	39099999	cn={'1': {'A': 1, 'B': 1}, '2': {'A': 1, 'B': 1}}
10	39100000	42399999	cn={'1': {'A': 1, 'B': 1}, '2': {'A': 1, 'B': 1}}
10	42400000	42549999	cn={'1': {'A': 1, 'B': 1}, '2': {'A': 1, 'B': 1}}
10	42550000	42599999	cn={'1': {'A': 1, 'B': 1}, '2': {'A': 1, 'B': 1}}
10	42600000	44799999	cn={'1': {'A': 1, 'B': 1}, '2': {'A': 1, 'B': 1}}
10	44800000	44874999	cn={'1': {'A': 1, 'B': 1}, '2': {'A': 1, 'B': 1}}
10	44875000	45449299	cn={'1': {'A': 1, 'B': 1}, '2': {'A': 1, 'B': 1}}
10	45449300	45449999	cn={'1': {'A': 1, 'B': 2}, '2': {'A': 1, 'B': 2}}
10	45450000	46524999	cn={'1': {'A': 1, 'B': 2}, '2': {'A': 1, 'B': 2}}
10	46525000	46799999	cn={'1': {'A': 1, 'B': 2}, '2': {'A': 1, 'B': 2}}
10	46800000	47199999	cn={'1': {'A': 1, 'B': 2}, '2': {'A': 1, 'B': 2}}
10	47200000	47349999	cn={'1': {'A': 1, 'B': 2}, '2': {'A': 1, 'B': 2}}
10	47350000	47399999	cn={'1': {'A': 1, 'B': 2}, '2': {'A': 1, 'B': 2}}
10	47400000	47474999	cn={'1': {'A': 1, 'B': 2}, '2': {'A': 1, 'B': 2}}
10	47475000	48174999	cn={'1': {'A': 1, 'B': 2}, '2': {'A': 1, 'B': 2}}
10	48175000	48274999	cn={'1': {'A': 1, 'B': 2}, '2': {'A': 1, 'B': 2}}
10	48275000	48899999	cn={'1': {'A': 1, 'B': 2}, '2': {'A': 1, 'B': 2}}
10	48900000	48949999	cn={'1': {'A': 1, 'B': 2}, '2': {'A': 1, 'B': 2}}
10	48950000	48999999	cn={'1': {'A': 1, 'B': 2}, '2': {'A': 1, 'B': 2}}
10	49000000	49124999	cn={'1': {'A': 1, 'B': 2}, '2': {'A': 1, 'B': 2}}
10	49125000	49199999	cn={'1': {'A': 1, 'B': 2}, '2': {'A': 1, 'B': 2}}
10	49200000	49299999	cn={'1': {'A': 1, 'B': 2}, '2': {'A': 1, 'B': 2}}
10	49300000	51149999	cn={'1': {'A': 1, 'B': 2}, '2': {'A': 1, 'B': 2}}
10	51150000	51199999	cn={'1': {'A': 1, 'B': 2}, '2': {'A': 1, 'B': 2}}
10	51200000	62031352	cn={'1': {'A': 1, 'B': 2}, '2': {'A': 1, 'B': 2}}
10	62031353	73327709	cn={'1': {'A': 1, 'B': 2}, '2': {'A': 1, 'B': 2}}
10	73327710	73328237	cn={'1': {'A': 1, 'B': 2}, '2': {'A': 1, 'B': 2}}
10	73328238	76346087	cn={'1': {'A': 1, 'B': 2}, '2': {'A': 1, 'B': 2}}
10	76346088	76348407	cn={'1': {'A': 1, 'B': 2}, '2': {'A': 1, 'B': 2}}
10	76348408	77649999	cn={'1': {'A': 1, 'B': 2}, '2': {'A': 1, 'B': 2}}
10	77650000	77686354	cn={'1': {'A': 1, 'B': 2}, '2': {'A': 1, 'B': 2}}
10	77686355	77699999	cn={'1': {'A': 1, 'B': 1}, '2': {'A': 1, 'B': 1}}
10	77700000	79528489	cn={'1': {'A': 1, 'B': 1}, '2': {'A': 1, 'B': 1}}
10	79528490	79528950	cn={'1': {'A': 1, 'B': 1}, '2': {'A': 1, 'B': 1}}
10	79528951	82501407	cn={'1': {'A': 1, 'B': 1}, '2': {'A': 1, 'B': 1}}
10	82501408	82514858	cn={'1': {'A': 1, 'B': 0}, '2': {'A': 1, 'B': 0}}
10	82514859	82627797	cn={'1': {'A': 1, 'B': 1}, '2': {'A': 1, 'B': 1}}
10	82627798	82628097	cn={'1': {'A': 0, 'B': 1}, '2': {'A': 0, 'B': 1}}
10	82628098	82899999	cn={'1': {'A': 1, 'B': 1}, '2': {'A': 1, 'B': 1}}
10	82900000	82935482	cn={'1': {'A': 1, 'B': 1}, '2': {'A': 1, 'B': 1}}
10	82935483	82949999	cn={'1': {'A': 1, 'B': 0}, '2': {'A': 1, 'B': 0}}
10	82950000	82954966	cn={'1': {'A': 1, 'B': 0}, '2': {'A': 1, 'B': 0}}
10	82954967	83099999	cn={'1': {'A': 1, 'B': 1}, '2': {'A': 1, 'B': 1}}
10	83100000	83149999	cn={'1': {'A': 1, 'B': 1}, '2': {'A': 1, 'B': 1}}
10	83150000	83792731	cn={'1': {'A': 1, 'B': 1}, '2': {'A': 1, 'B': 1}}
10	83792732	83809306	cn={'1': {'A': 0, 'B': 1}, '2': {'A': 0, 'B': 1}}
10	83809307	84653430	cn={'1': {'A': 1, 'B': 1}, '2': {'A': 1, 'B': 1}}
10	84653431	84666640	cn={'1': {'A': 1, 'B': 0}, '2': {'A': 1, 'B': 0}}
10	84666641	85153882	cn={'1': {'A': 1, 'B': 1}, '2': {'A': 1, 'B': 1}}
10	85153883	85157269	cn={'1': {'A': 1, 'B': 0}, '2': {'A': 1, 'B': 0}}
10	85157270	86932821	cn={'1': {'A': 1, 'B': 1}, '2': {'A': 1, 'B': 1}}
10	86932822	86942404	cn={'1': {'A': 0, 'B': 1}, '2': {'A': 0, 'B': 1}}
10	86942405	87039028	cn={'1': {'A': 1, 'B': 1}, '2': {'A': 1, 'B': 1}}
10	87039029	87065513	cn={'1': {'A': 0, 'B': 1}, '2': {'A': 0, 'B': 1}}
10	87065514	87299999	cn={'1': {'A': 1, 'B': 1}, '2': {'A': 1, 'B': 1}}
10	87300000	87329392	cn={'1': {'A': 1, 'B': 1}, '2': {'A': 1, 'B': 1}}
10	87329393	87349999	cn={'1': {'A': 0, 'B': 1}, '2': {'A': 0, 'B': 1}}
10	87350000	87356287	cn={'1': {'A': 0, 'B': 1}, '2': {'A': 0, 'B': 1}}
10	87356288	87753704	cn={'1': {'A': 1, 'B': 1}, '2': {'A': 1, 'B': 1}}
10	87753705	87764679	cn={'1': {'A': 1, 'B': 1}, '2': {'A': 1, 'B': 1}}
10	87764680	88049999	cn={'1': {'A': 1, 'B': 1}, '2': {'A': 1, 'B': 1}}
10	88050000	88054815	cn={'1': {'A': 1, 'B': 1}, '2': {'A': 1, 'B': 1}}
10	88054816	88087040	cn={'1': {'A': 0, 'B': 1}, '2': {'A': 0, 'B': 1}}
10	88087041	88099999	cn={'1': {'A': 1, 'B': 1}, '2': {'A': 1, 'B': 1}}
10	88100000	88149999	cn={'1': {'A': 1, 'B': 1}, '2': {'A': 1, 'B': 1}}
10	88150000	88163120	cn={'1': {'A': 1, 'B': 1}, '2': {'A': 1, 'B': 1}}
10	88163121	88341713	cn={'1': {'A': 1, 'B': 0}, '2': {'A': 1, 'B': 0}}
10	88341714	88349999	cn={'1': {'A': 1, 'B': 1}, '2': {'A': 1, 'B': 1}}
10	88350000	89439377	cn={'1': {'A': 1, 'B': 1}, '2': {'A': 1, 'B': 1}}
10	89439378	89445135	cn={'1': {'A': 0, 'B': 1}, '2': {'A': 0, 'B': 1}}
10	89445136	89599999	cn={'1': {'A': 1, 'B': 1}, '2': {'A': 1, 'B': 1}}
10	89600000	89632596	cn={'1': {'A': 1, 'B': 1}, '2': {'A': 1, 'B': 1}}
10	89632597	89640859	cn={'1': {'A': 1, 'B': 0}, '2': {'A': 1, 'B': 0}}
10	89640860	89649999	cn={'1': {'A': 1, 'B': 1}, '2': {'A': 1, 'B': 1}}
10	89650000	89717766	cn={'1': {'A': 1, 'B': 1}, '2': {'A': 1, 'B': 1}}
10	89717767	89718756	cn={'1': {'A': 1, 'B': 1}, '2': {'A': 1, 'B': 1}}
10	89718757	89822042	cn={'1': {'A': 1, 'B': 1}, '2': {'A': 1, 'B': 1}}
10	89822043	89823807	cn={'1': {'A': 0, 'B': 1}, '2': {'A': 0, 'B': 1}}
10	89823808	90049999	cn={'1': {'A': 1, 'B': 1}, '2': {'A': 1, 'B': 1}}
10	90050000	90084501	cn={'1': {'A': 1, 'B': 1}, '2': {'A': 1, 'B': 1}}
10	90084502	90099999	cn={'1': {'A': 1, 'B': 0}, '2': {'A': 1, 'B': 0}}
10	90100000	90100422	cn={'1': {'A': 1, 'B': 0}, '2': {'A': 1, 'B': 0}}
10	90100423	90369628	cn={'1': {'A': 1, 'B': 1}, '2': {'A': 1, 'B': 1}}
10	90369629	90374950	cn={'1': {'A': 0, 'B': 1}, '2': {'A': 0, 'B': 1}}
10	90374951	91449999	cn={'1': {'A': 1, 'B': 1}, '2': {'A': 1, 'B': 1}}
10	91450000	91453132	cn={'1': {'A': 1, 'B': 1}, '2': {'A': 1, 'B': 1}}
10	91453133	91476852	cn={'1': {'A': 0, 'B': 1}, '2': {'A': 0, 'B': 1}}
10	91476853	91499999	cn={'1': {'A': 1, 'B': 1}, '2': {'A': 1, 'B': 1}}
10	91500000	91895520	cn={'1': {'A': 1, 'B': 1}, '2': {'A': 1, 'B': 1}}
10	91895521	91899999	cn={'1': {'A': 0, 'B': 1}, '2': {'A': 0, 'B': 1}}
10	91900000	91944957	cn={'1': {'A': 0, 'B': 1}, '2': {'A': 0, 'B': 1}}
10	91944958	91949999	cn={'1': {'A': 1, 'B': 1}, '2': {'A': 1, 'B': 1}}
10	91950000	92069338	cn={'1': {'A': 1, 'B': 1}, '2': {'A': 1, 'B': 1}}
10	92069339	92071429	cn={'1': {'A': 0, 'B': 1}, '2': {'A': 0, 'B': 1}}
10	92071430	92149999	cn={'1': {'A': 1, 'B': 1}, '2': {'A': 1, 'B': 1}}
10	92150000	92170696	cn={'1': {'A': 1, 'B': 1}, '2': {'A': 1, 'B': 1}}
10	92170697	92221072	cn={'1': {'A': 0, 'B': 1}, '2': {'A': 0, 'B': 1}}
10	92221073	92249999	cn={'1': {'A': 1, 'B': 1}, '2': {'A': 1, 'B': 1}}
10	92250000	115849999	cn={'1': {'A': 1, 'B': 1}, '2': {'A': 1, 'B': 1}}
10	115850000	115899999	cn={'1': {'A': 1, 'B': 1}, '2': {'A': 1, 'B': 1}}
10	115900000	116924030	cn={'1': {'A': 1, 'B': 1}, '2': {'A': 1, 'B': 1}}
10	116924031	116938450	cn={'1': {'A': 1, 'B': 1}, '2': {'A': 1, 'B': 1}}
10	116938451	117993132	cn={'1': {'A': 1, 'B': 1}, '2': {'A': 1, 'B': 1}}
10	117993133	118003435	cn={'1': {'A': 1, 'B': 1}, '2': {'A': 1, 'B': 1}}
10	118003436	124399999	cn={'1': {'A': 1, 'B': 1}, '2': {'A': 1, 'B': 1}}
10	124400000	124410358	cn={'1': {'A': 1, 'B': 1}, '2': {'A': 1, 'B': 1}}
10	124410359	124446114	cn={'1': {'A': 0, 'B': 1}, '2': {'A': 0, 'B': 1}}
10	124446115	124449999	cn={'1': {'A': 1, 'B': 1}, '2': {'A': 1, 'B': 1}}
10	124450000	124649999	cn={'1': {'A': 1, 'B': 1}, '2': {'A': 1, 'B': 1}}
10	124650000	124677443	cn={'1': {'A': 1, 'B': 1}, '2': {'A': 1, 'B': 1}}
10	124677444	124699999	cn={'1': {'A': 1, 'B': 1}, '2': {'A': 0, 'B': 1}}
10	124700000	125849999	cn={'1': {'A': 1, 'B': 1}, '2': {'A': 0, 'B': 1}}
10	125850000	125899999	cn={'1': {'A': 1, 'B': 1}, '2': {'A': 0, 'B': 1}}
10	125900000	127549999	cn={'1': {'A': 1, 'B': 1}, '2': {'A': 0, 'B': 1}}
10	127550000	127649999	cn={'1': {'A': 1, 'B': 1}, '2': {'A': 0, 'B': 1}}
10	127650000	127774999	cn={'1': {'A': 1, 'B': 1}, '2': {'A': 0, 'B': 1}}
10	127775000	127849999	cn={'1': {'A': 1, 'B': 1}, '2': {'A': 0, 'B': 1}}
10	127850000	127899999	cn={'1': {'A': 1, 'B': 1}, '2': {'A': 0, 'B': 1}}
10	127900000	127949999	cn={'1': {'A': 1, 'B': 1}, '2': {'A': 0, 'B': 1}}
10	127950000	129549999	cn={'1': {'A': 1, 'B': 1}, '2': {'A': 0, 'B': 1}}
10	129550000	129599999	cn={'1': {'A': 1, 'B': 1}, '2': {'A': 0, 'B': 1}}
10	129600000	134299999	cn={'1': {'A': 1, 'B': 1}, '2': {'A': 0, 'B': 1}}
10	134300000	134349999	cn={'1': {'A': 1, 'B': 1}, '2': {'A': 0, 'B': 1}}
10	134350000	134949999	cn={'1': {'A': 1, 'B': 1}, '2': {'A': 0, 'B': 1}}
10	134950000	134999999	cn={'1': {'A': 1, 'B': 1}, '2': {'A': 0, 'B': 1}}
10	135000000	135499999	cn={'1': {'A': 1, 'B': 1}, '2': {'A': 0, 'B': 1}}
10	135500000	135534746	cn={'1': {'A': 1, 'B': 1}, '2': {'A': 0, 'B': 1}}
11	100000	8325938	cn={'1': {'A': 1, 'B': 0}, '2': {'A': 1, 'B': 0}}
11	8325939	8349999	cn={'1': {'A': 1, 'B': 1}, '2': {'A': 1, 'B': 1}}
11	8350000	20599999	cn={'1': {'A': 1, 'B': 1}, '2': {'A': 1, 'B': 1}}
11	20600000	20610030	cn={'1': {'A': 1, 'B': 1}, '2': {'A': 1, 'B': 1}}
11	20610031	20949999	cn={'1': {'A': 1, 'B': 2}, '2': {'A': 1, 'B': 2}}
11	20950000	20980452	cn={'1': {'A': 1, 'B': 2}, '2': {'A': 1, 'B': 2}}
11	20980453	20999999	cn={'1': {'A': 1, 'B': 1}, '2': {'A': 1, 'B': 1}}
11	21000000	21899999	cn={'1': {'A': 1, 'B': 1}, '2': {'A': 1, 'B': 1}}
11	21900000	21924312	cn={'1': {'A': 1, 'B': 1}, '2': {'A': 1, 'B': 1}}
11	21924313	24211703	cn={'1': {'A': 0, 'B': 1}, '2': {'A': 0, 'B': 1}}
11	24211704	24249999	cn={'1': {'A': 1, 'B': 1}, '2': {'A': 1, 'B': 1}}
11	24250000	26653211	cn={'1': {'A': 1, 'B': 1}, '2': {'A': 1, 'B': 1}}
11	26653212	26657262	cn={'1': {'A': 1, 'B': 1}, '2': {'A': 1, 'B': 1}}
11	26657263	39332962	cn={'1': {'A': 1, 'B': 1}, '2': {'A': 1, 'B': 1}}
11	39332963	39349999	cn={'1': {'A': 1, 'B': 1}, '2': {'A': 2, 'B': 1}}
11	39350000	41249999	cn={'1': {'A': 1, 'B': 1}, '2': {'A': 2, 'B': 1}}
11	41250000	41299999	cn={'1': {'A': 1, 'B': 1}, '2': {'A': 2, 'B': 1}}
11	41300000	45899999	cn={'1': {'A': 1, 'B': 1}, '2': {'A': 2, 'B': 1}}
11	45900000	45949999	cn={'1': {'A': 1, 'B': 1}, '2': {'A': 2, 'B': 1}}
11	45950000	48699999	cn={'1': {'A': 1, 'B': 1}, '2': {'A': 2, 'B': 1}}
11	48700000	48949999	cn={'1': {'A': 1, 'B': 1}, '2': {'A': 2, 'B': 1}}
11	48950000	49699999	cn={'1': {'A': 1, 'B': 1}, '2': {'A': 2, 'B': 1}}
11	49700000	49702954	cn={'1': {'A': 1, 'B': 1}, '2': {'A': 2, 'B': 1}}
11	49702955	56699999	cn={'1': {'A': 1, 'B': 1}, '2': {'A': 1, 'B': 1}}
11	56700000	56726280	cn={'1': {'A': 1, 'B': 1}, '2': {'A': 1, 'B': 1}}
11	56726281	59583469	cn={'1': {'A': 0, 'B': 1}, '2': {'A': 0, 'B': 1}}
11	59583470	59599999	cn={'1': {'A': 1, 'B': 1}, '2': {'A': 1, 'B': 1}}
11	59600000	61859823	cn={'1': {'A': 1, 'B': 1}, '2': {'A': 1, 'B': 1}}
11	61859824	61865557	cn={'1': {'A': 1, 'B': 1}, '2': {'A': 1, 'B': 1}}
11	61865558	63899999	cn={'1': {'A': 1, 'B': 1}, '2': {'A': 1, 'B': 1}}
11	63900000	63949999	cn={'1': {'A': 1, 'B': 1}, '2': {'A': 1, 'B': 1}}
11	63950000	64099999	cn={'1': {'A': 1, 'B': 1}, '2': {'A': 1, 'B': 1}}
11	64100000	64149999	cn={'1': {'A': 1, 'B': 1}, '2': {'A': 1, 'B': 1}}
11	64150000	65008067	cn={'1': {'A': 1, 'B': 1}, '2': {'A': 1, 'B': 1}}
11	65008068	65008538	cn={'1': {'A': 1, 'B': 1}, '2': {'A': 1, 'B': 1}}
11	65008539	73449999	cn={'1': {'A': 1, 'B': 1}, '2': {'A': 1, 'B': 1}}
11	73450000	73499999	cn={'1': {'A': 1, 'B': 1}, '2': {'A': 1, 'B': 1}}
11	73500000	76349999	cn={'1': {'A': 1, 'B': 1}, '2': {'A': 1, 'B': 1}}
11	76350000	76399999	cn={'1': {'A': 1, 'B': 1}, '2': {'A': 1, 'B': 1}}
11	76400000	77444400	cn={'1': {'A': 1, 'B': 1}, '2': {'A': 1, 'B': 1}}
11	77444401	77444678	cn={'1': {'A': 1, 'B': 1}, '2': {'A': 1, 'B': 1}}
11	77444679	77449845	cn={'1': {'A': 1, 'B': 1}, '2': {'A': 1, 'B': 1}}
11	77449846	81399999	cn={'1': {'A': 1, 'B': 1}, '2': {'A': 1, 'B': 1}}
11	81400000	81449999	cn={'1': {'A': 1, 'B': 1}, '2': {'A': 1, 'B': 1}}
11	81450000	82999999	cn={'1': {'A': 1, 'B': 1}, '2': {'A': 1, 'B': 1}}
11	83000000	83049999	cn={'1': {'A': 1, 'B': 1}, '2': {'A': 1, 'B': 1}}
11	83050000	89549999	cn={'1': {'A': 1, 'B': 1}, '2': {'A': 1, 'B': 1}}
11	89550000	89599999	cn={'1': {'A': 1, 'B': 1}, '2': {'A': 1, 'B': 1}}
11	89600000	90089219	cn={'1': {'A': 1, 'B': 1}, '2': {'A': 1, 'B': 1}}
11	90089220	90101587	cn={'1': {'A': 1, 'B': 1}, '2': {'A': 1, 'B': 2}}
11	90101588	90325706	cn={'1': {'A': 1, 'B': 1}, '2': {'A': 1, 'B': 1}}
11	90325707	90335192	cn={'1': {'A': 1, 'B': 1}, '2': {'A': 1, 'B': 2}}
11	90335193	90849999	cn={'1': {'A': 1, 'B': 1}, '2': {'A': 1, 'B': 1}}
11	90850000	90858377	cn={'1': {'A': 1, 'B': 1}, '2': {'A': 1, 'B': 1}}
11	90858378	91099999	cn={'1': {'A': 1, 'B': 1}, '2': {'A': 1, 'B': 0}}
11	91100000	91149999	cn={'1': {'A': 1, 'B': 1}, '2': {'A': 1, 'B': 0}}
11	91150000	95199999	cn={'1': {'A': 1, 'B': 1}, '2': {'A': 1, 'B': 0}}
11	95200000	95249999	cn={'1': {'A': 1, 'B': 1}, '2': {'A': 1, 'B': 0}}
11	95250000	101249999	cn={'1': {'A': 1, 'B': 1}, '2': {'A': 1, 'B': 0}}
11	101250000	101299999	cn={'1': {'A': 1, 'B': 1}, '2': {'A': 1, 'B': 0}}
11	101300000	101499999	cn={'1': {'A': 1, 'B': 1}, '2': {'A': 1, 'B': 0}}
11	101500000	101549999	cn={'1': {'A': 1, 'B': 1}, '2': {'A': 1, 'B': 0}}
11	101550000	111999999	cn={'1': {'A': 1, 'B': 1}, '2': {'A': 1, 'B': 0}}
11	112000000	112049999	cn={'1': {'A': 1, 'B': 1}, '2': {'A': 1, 'B': 0}}
11	112050000	113549999	cn={'1': {'A': 1, 'B': 1}, '2': {'A': 1, 'B': 0}}
11	113550000	113849999	cn={'1': {'A': 1, 'B': 1}, '2': {'A': 1, 'B': 0}}
11	113850000	114399999	cn={'1': {'A': 1, 'B': 1}, '2': {'A': 1, 'B': 0}}
11	114400000	114449999	cn={'1': {'A': 1, 'B': 1}, '2': {'A': 1, 'B': 0}}
11	114450000	123949999	cn={'1': {'A': 1, 'B': 1}, '2': {'A': 1, 'B': 0}}
11	123950000	124024999	cn={'1': {'A': 1, 'B': 1}, '2': {'A': 1, 'B': 0}}
11	124025000	124124999	cn={'1': {'A': 1, 'B': 1}, '2': {'A': 1, 'B': 0}}
11	124125000	124199999	cn={'1': {'A': 1, 'B': 1}, '2': {'A': 1, 'B': 0}}
11	124200000	124274999	cn={'1': {'A': 1, 'B': 1}, '2': {'A': 1, 'B': 0}}
11	124275000	124699999	cn={'1': {'A': 1, 'B': 1}, '2': {'A': 1, 'B': 0}}
11	124700000	124824999	cn={'1': {'A': 1, 'B': 1}, '2': {'A': 1, 'B': 0}}
11	124825000	126799850	cn={'1': {'A': 1, 'B': 1}, '2': {'A': 1, 'B': 0}}
11	126799851	126800346	cn={'1': {'A': 1, 'B': 1}, '2': {'A': 1, 'B': 0}}
11	126800347	134499999	cn={'1': {'A': 1, 'B': 1}, '2': {'A': 1, 'B': 0}}
11	134500000	134549999	cn={'1': {'A': 1, 'B': 1}, '2': {'A': 1, 'B': 0}}
11	134550000	134699999	cn={'1': {'A': 1, 'B': 1}, '2': {'A': 1, 'B': 0}}
11	134700000	134712044	cn={'1': {'A': 1, 'B': 1}, '2': {'A': 1, 'B': 0}}
11	134712045	134712196	cn={'1': {'A': 1, 'B': 1}, '2': {'A': 2, 'B': 0}}
11	134712197	134712361	cn={'1': {'A': 2, 'B': 1}, '2': {'A': 2, 'B': 0}}
11	134712362	134712941	cn={'1': {'A': 2, 'B': 1}, '2': {'A': 2, 'B': 0}}
11	134712942	134713262	cn={'1': {'A': 2, 'B': 1}, '2': {'A': 2, 'B': 0}}
11	134713263	134713342	cn={'1': {'A': 2, 'B': 2}, '2': {'A': 2, 'B': 0}}
11	134713343	134713429	cn={'1': {'A': 2, 'B': 2}, '2': {'A': 2, 'B': 0}}
11	134713430	134949999	cn={'1': {'A': 2, 'B': 2}, '2': {'A': 2, 'B': 0}}
12	50000	99999	cn={'1': {'A': 1, 'B': 1}, '2': {'A': 1, 'B': 1}}
12	100000	149999	cn={'1': {'A': 1, 'B': 1}, '2': {'A': 1, 'B': 1}}
12	150000	199999	cn={'1': {'A': 1, 'B': 1}, '2': {'A': 1, 'B': 1}}
12	200000	4885563	cn={'1': {'A': 1, 'B': 1}, '2': {'A': 1, 'B': 1}}
12	4885564	4886663	cn={'1': {'A': 1, 'B': 1}, '2': {'A': 1, 'B': 1}}
12	4886664	18025894	cn={'1': {'A': 1, 'B': 1}, '2': {'A': 1, 'B': 1}}
12	18025895	18026072	cn={'1': {'A': 1, 'B': 1}, '2': {'A': 1, 'B': 1}}
12	18026073	18026549	cn={'1': {'A': 1, 'B': 1}, '2': {'A': 1, 'B': 1}}
12	18026550	18027191	cn={'1': {'A': 1, 'B': 1}, '2': {'A': 1, 'B': 1}}
12	18027192	19449999	cn={'1': {'A': 1, 'B': 1}, '2': {'A': 1, 'B': 1}}
12	19450000	19499999	cn={'1': {'A': 1, 'B': 1}, '2': {'A': 1, 'B': 1}}
12	19500000	25599999	cn={'1': {'A': 1, 'B': 1}, '2': {'A': 1, 'B': 1}}
12	25600000	25649999	cn={'1': {'A': 1, 'B': 1}, '2': {'A': 1, 'B': 1}}
12	25650000	38049999	cn={'1': {'A': 1, 'B': 1}, '2': {'A': 1, 'B': 1}}
12	38050000	38099999	cn={'1': {'A': 1, 'B': 1}, '2': {'A': 1, 'B': 1}}
12	38100000	40948966	cn={'1': {'A': 1, 'B': 1}, '2': {'A': 1, 'B': 1}}
12	40948967	40964944	cn={'1': {'A': 1, 'B': 1}, '2': {'A': 1, 'B': 1}}
12	40964945	41049999	cn={'1': {'A': 1, 'B': 1}, '2': {'A': 1, 'B': 1}}
12	41050000	41075561	cn={'1': {'A': 1, 'B': 1}, '2': {'A': 1, 'B': 1}}
12	41075562	41179763	cn={'1': {'A': 0, 'B': 1}, '2': {'A': 0, 'B': 1}}
12	41179764	41199999	cn={'1': {'A': 1, 'B': 1}, '2': {'A': 1, 'B': 1}}
12	41200000	43199999	cn={'1': {'A': 1, 'B': 1}, '2': {'A': 1, 'B': 1}}
12	43200000	43249999	cn={'1': {'A': 1, 'B': 1}, '2': {'A': 1, 'B': 1}}
12	43250000	44599999	cn={'1': {'A': 1, 'B': 1}, '2': {'A': 1, 'B': 1}}
12	44600000	44649999	cn={'1': {'A': 1, 'B': 1}, '2': {'A': 1, 'B': 1}}
12	44650000	46450440	cn={'1': {'A': 1, 'B': 1}, '2': {'A': 1, 'B': 1}}
12	46450441	46451582	cn={'1': {'A': 1, 'B': 1}, '2': {'A': 1, 'B': 1}}
12	46451583	48046364	cn={'1': {'A': 1, 'B': 1}, '2': {'A': 1, 'B': 1}}
12	48046365	49227380	cn={'1': {'A': 1, 'B': 1}, '2': {'A': 1, 'B': 1}}
12	49227381	49238489	cn={'1': {'A': 1, 'B': 1}, '2': {'A': 1, 'B': 1}}
12	49238490	53249999	cn={'1': {'A': 1, 'B': 1}, '2': {'A': 1, 'B': 1}}
12	53250000	53299999	cn={'1': {'A': 1, 'B': 1}, '2': {'A': 1, 'B': 1}}
12	53300000	53374999	cn={'1': {'A': 1, 'B': 1}, '2': {'A': 1, 'B': 1}}
12	53375000	53749999	cn={'1': {'A': 1, 'B': 1}, '2': {'A': 1, 'B': 1}}
12	53750000	53799999	cn={'1': {'A': 1, 'B': 1}, '2': {'A': 1, 'B': 1}}
12	53800000	54599999	cn={'1': {'A': 1, 'B': 1}, '2': {'A': 1, 'B': 1}}
12	54600000	54699999	cn={'1': {'A': 1, 'B': 1}, '2': {'A': 1, 'B': 1}}
12	54700000	56349999	cn={'1': {'A': 1, 'B': 1}, '2': {'A': 1, 'B': 1}}
12	56350000	56399999	cn={'1': {'A': 1, 'B': 1}, '2': {'A': 1, 'B': 1}}
12	56400000	56993551	cn={'1': {'A': 1, 'B': 1}, '2': {'A': 1, 'B': 1}}
12	56993552	56993735	cn={'1': {'A': 1, 'B': 1}, '2': {'A': 1, 'B': 1}}
12	56993736	57749999	cn={'1': {'A': 2, 'B': 1}, '2': {'A': 1, 'B': 1}}
12	57750000	57799999	cn={'1': {'A': 2, 'B': 1}, '2': {'A': 1, 'B': 1}}
12	57800000	57974999	cn={'1': {'A': 2, 'B': 1}, '2': {'A': 1, 'B': 1}}
12	57975000	69428943	cn={'1': {'A': 2, 'B': 1}, '2': {'A': 1, 'B': 1}}
12	69428944	69434944	cn={'1': {'A': 2, 'B': 1}, '2': {'A': 1, 'B': 1}}
12	69434945	79405888	cn={'1': {'A': 2, 'B': 1}, '2': {'A': 1, 'B': 1}}
12	79405889	79406511	cn={'1': {'A': 2, 'B': 1}, '2': {'A': 1, 'B': 1}}
12	79406512	80149999	cn={'1': {'A': 2, 'B': 1}, '2': {'A': 1, 'B': 1}}
12	80150000	80199999	cn={'1': {'A': 2, 'B': 1}, '2': {'A': 1, 'B': 1}}
12	80200000	93477918	cn={'1': {'A': 2, 'B': 1}, '2': {'A': 1, 'B': 1}}
12	93477919	93480399	cn={'1': {'A': 2, 'B': 1}, '2': {'A': 1, 'B': 1}}
12	93480400	102149999	cn={'1': {'A': 2, 'B': 1}, '2': {'A': 1, 'B': 1}}
12	102150000	102153656	cn={'1': {'A': 2, 'B': 1}, '2': {'A': 1, 'B': 1}}
12	102153657	103299999	cn={'1': {'A': 2, 'B': 1}, '2': {'A': 2, 'B': 1}}
12	103300000	103312080	cn={'1': {'A': 2, 'B': 1}, '2': {'A': 2, 'B': 1}}
12	103312081	103449999	cn={'1': {'A': 2, 'B': 1}, '2': {'A': 3, 'B': 1}}
12	103450000	103499999	cn={'1': {'A': 2, 'B': 1}, '2': {'A': 3, 'B': 1}}
12	103500000	103549999	cn={'1': {'A': 2, 'B': 1}, '2': {'A': 3, 'B': 1}}
12	103550000	104199999	cn={'1': {'A': 2, 'B': 1}, '2': {'A': 3, 'B': 1}}
12	104200000	104249999	cn={'1': {'A': 2, 'B': 1}, '2': {'A': 3, 'B': 1}}
12	104250000	105799999	cn={'1': {'A': 2, 'B': 1}, '2': {'A': 3, 'B': 1}}
12	105800000	105849999	cn={'1': {'A': 2, 'B': 1}, '2': {'A': 3, 'B': 1}}
12	105850000	106549999	cn={'1': {'A': 2, 'B': 1}, '2': {'A': 3, 'B': 1}}
12	106550000	106599999	cn={'1': {'A': 2, 'B': 1}, '2': {'A': 3, 'B': 1}}
12	106600000	107652860	cn={'1': {'A': 2, 'B': 1}, '2': {'A': 3, 'B': 1}}
12	107652861	108299999	cn={'1': {'A': 2, 'B': 1}, '2': {'A': 3, 'B': 1}}
12	108300000	108549999	cn={'1': {'A': 2, 'B': 1}, '2': {'A': 3, 'B': 1}}
12	108550000	108747242	cn={'1': {'A': 2, 'B': 1}, '2': {'A': 3, 'B': 1}}
12	108747243	111449999	cn={'1': {'A': 2, 'B': 1}, '2': {'A': 3, 'B': 1}}
12	111450000	111499999	cn={'1': {'A': 2, 'B': 1}, '2': {'A': 3, 'B': 1}}
12	111500000	111949999	cn={'1': {'A': 2, 'B': 1}, '2': {'A': 3, 'B': 1}}
12	111950000	112049999	cn={'1': {'A': 2, 'B': 1}, '2': {'A': 3, 'B': 1}}
12	112050000	112099999	cn={'1': {'A': 2, 'B': 1}, '2': {'A': 3, 'B': 1}}
12	112100000	112149999	cn={'1': {'A': 2, 'B': 1}, '2': {'A': 3, 'B': 1}}
12	112150000	112199999	cn={'1': {'A': 2, 'B': 1}, '2': {'A': 3, 'B': 1}}
12	112200000	112399999	cn={'1': {'A': 2, 'B': 1}, '2': {'A': 3, 'B': 1}}
12	112400000	112649999	cn={'1': {'A': 2, 'B': 1}, '2': {'A': 3, 'B': 1}}
12	112650000	112874999	cn={'1': {'A': 2, 'B': 1}, '2': {'A': 3, 'B': 1}}
12	112875000	113640306	cn={'1': {'A': 2, 'B': 1}, '2': {'A': 3, 'B': 1}}
12	113640307	114599999	cn={'1': {'A': 2, 'B': 1}, '2': {'A': 3, 'B': 1}}
12	114600000	114649999	cn={'1': {'A': 2, 'B': 1}, '2': {'A': 3, 'B': 1}}
12	114650000	116199999	cn={'1': {'A': 2, 'B': 1}, '2': {'A': 3, 'B': 1}}
12	116200000	116324999	cn={'1': {'A': 2, 'B': 1}, '2': {'A': 3, 'B': 1}}
12	116325000	116549999	cn={'1': {'A': 2, 'B': 1}, '2': {'A': 3, 'B': 1}}
12	116550000	116599999	cn={'1': {'A': 2, 'B': 1}, '2': {'A': 3, 'B': 1}}
12	116600000	118644920	cn={'1': {'A': 2, 'B': 1}, '2': {'A': 3, 'B': 1}}
12	118644921	118645474	cn={'1': {'A': 2, 'B': 1}, '2': {'A': 3, 'B': 1}}
12	118645475	121099999	cn={'1': {'A': 2, 'B': 1}, '2': {'A': 3, 'B': 1}}
12	121100000	121649999	cn={'1': {'A': 2, 'B': 1}, '2': {'A': 3, 'B': 1}}
12	121650000	121699999	cn={'1': {'A': 2, 'B': 1}, '2': {'A': 3, 'B': 1}}
12	121700000	121849999	cn={'1': {'A': 2, 'B': 1}, '2': {'A': 3, 'B': 1}}
12	121850000	121999999	cn={'1': {'A': 2, 'B': 1}, '2': {'A': 3, 'B': 1}}
12	122000000	122014924	cn={'1': {'A': 2, 'B': 1}, '2': {'A': 3, 'B': 1}}
12	122014925	122014999	cn={'1': {'A': 1, 'B': 1}, '2': {'A': 3, 'B': 1}}
12	122015000	122099999	cn={'1': {'A': 1, 'B': 1}, '2': {'A': 3, 'B': 1}}
12	122100000	122199999	cn={'1': {'A': 1, 'B': 1}, '2': {'A': 3, 'B': 1}}
12	122200000	122749999	cn={'1': {'A': 1, 'B': 1}, '2': {'A': 3, 'B': 1}}
12	122750000	122874999	cn={'1': {'A': 1, 'B': 1}, '2': {'A': 3, 'B': 1}}
12	122875000	122949999	cn={'1': {'A': 1, 'B': 1}, '2': {'A': 3, 'B': 1}}
12	122950000	123099999	cn={'1': {'A': 1, 'B': 1}, '2': {'A': 3, 'B': 1}}
12	123100000	123399999	cn={'1': {'A': 1, 'B': 1}, '2': {'A': 3, 'B': 1}}
12	123400000	123449999	cn={'1': {'A': 1, 'B': 1}, '2': {'A': 3, 'B': 1}}
12	123450000	123549999	cn={'1': {'A': 1, 'B': 1}, '2': {'A': 3, 'B': 1}}
12	123550000	123649999	cn={'1': {'A': 1, 'B': 1}, '2': {'A': 3, 'B': 1}}
12	123650000	126355105	cn={'1': {'A': 1, 'B': 1}, '2': {'A': 3, 'B': 1}}
12	126355106	126355200	cn={'1': {'A': 1, 'B': 1}, '2': {'A': 3, 'B': 1}}
12	126355201	126997479	cn={'1': {'A': 1, 'B': 1}, '2': {'A': 3, 'B': 1}}
12	126997480	126998312	cn={'1': {'A': 1, 'B': 1}, '2': {'A': 3, 'B': 1}}
12	126998313	127299999	cn={'1': {'A': 1, 'B': 1}, '2': {'A': 3, 'B': 1}}
12	127300000	127349999	cn={'1': {'A': 1, 'B': 1}, '2': {'A': 3, 'B': 1}}
12	127350000	127563554	cn={'1': {'A': 1, 'B': 1}, '2': {'A': 3, 'B': 1}}
12	127563555	127564842	cn={'1': {'A': 1, 'B': 1}, '2': {'A': 3, 'B': 1}}
12	127564843	127676262	cn={'1': {'A': 1, 'B': 1}, '2': {'A': 3, 'B': 1}}
12	127676263	129849999	cn={'1': {'A': 1, 'B': 1}, '2': {'A': 3, 'B': 1}}
12	129850000	129949999	cn={'1': {'A': 1, 'B': 1}, '2': {'A': 3, 'B': 1}}
12	129950000	132399999	cn={'1': {'A': 1, 'B': 1}, '2': {'A': 3, 'B': 1}}
12	132400000	132562912	cn={'1': {'A': 1, 'B': 1}, '2': {'A': 3, 'B': 1}}
12	132562913	132649999	cn={'1': {'A': 1, 'B': 1}, '2': {'A': 3, 'B': 1}}
12	132650000	133049999	cn={'1': {'A': 1, 'B': 1}, '2': {'A': 3, 'B': 1}}
12	133050000	133099999	cn={'1': {'A': 1, 'B': 1}, '2': {'A': 3, 'B': 1}}
12	133100000	133399999	cn={'1': {'A': 1, 'B': 1}, '2': {'A': 3, 'B': 1}}
12	133400000	133574999	cn={'1': {'A': 1, 'B': 1}, '2': {'A': 3, 'B': 1}}
12	133575000	133799999	cn={'1': {'A': 1, 'B': 1}, '2': {'A': 3, 'B': 1}}
12	133800000	133849999	cn={'1': {'A': 1, 'B': 1}, '2': {'A': 3, 'B': 1}}
13	19000000	19349999	cn={'1': {'A': 1, 'B': 1}, '2': {'A': 1, 'B': 1}}
13	19350000	19399999	cn={'1': {'A': 1, 'B': 1}, '2': {'A': 1, 'B': 1}}
13	19400000	19949999	cn={'1': {'A': 1, 'B': 1}, '2': {'A': 1, 'B': 1}}
13	19950000	19999999	cn={'1': {'A': 1, 'B': 1}, '2': {'A': 1, 'B': 1}}
13	20000000	23370016	cn={'1': {'A': 1, 'B': 1}, '2': {'A': 1, 'B': 1}}
13	23370017	23370817	cn={'1': {'A': 1, 'B': 1}, '2': {'A': 1, 'B': 1}}
13	23370818	28316615	cn={'1': {'A': 1, 'B': 1}, '2': {'A': 1, 'B': 1}}
13	28316616	28317692	cn={'1': {'A': 1, 'B': 1}, '2': {'A': 1, 'B': 1}}
13	28317693	28399999	cn={'1': {'A': 1, 'B': 1}, '2': {'A': 1, 'B': 1}}
13	28400000	28410879	cn={'1': {'A': 1, 'B': 1}, '2': {'A': 1, 'B': 1}}
13	28410880	32106354	cn={'1': {'A': 0, 'B': 1}, '2': {'A': 0, 'B': 1}}
13	32106355	32114944	cn={'1': {'A': 0, 'B': 1}, '2': {'A': 0, 'B': 1}}
13	32114945	32949999	cn={'1': {'A': 0, 'B': 1}, '2': {'A': 0, 'B': 1}}
13	32950000	32951742	cn={'1': {'A': 0, 'B': 1}, '2': {'A': 0, 'B': 1}}
13	32951743	32953794	cn={'1': {'A': 0, 'B': 0}, '2': {'A': 0, 'B': 0}}
13	32953795	32954505	cn={'1': {'A': 1, 'B': 0}, '2': {'A': 0, 'B': 0}}
13	32954506	32955003	cn={'1': {'A': 0, 'B': 0}, '2': {'A': 0, 'B': 0}}
13	32955004	32955792	cn={'1': {'A': 1, 'B': 0}, '2': {'A': 1, 'B': 0}}
13	32955793	33849999	cn={'1': {'A': 0, 'B': 0}, '2': {'A': 0, 'B': 0}}
13	33850000	33875395	cn={'1': {'A': 0, 'B': 0}, '2': {'A': 0, 'B': 0}}
13	33875396	33875894	cn={'1': {'A': 0, 'B': 2}, '2': {'A': 0, 'B': 2}}
13	33875895	33876802	cn={'1': {'A': 0, 'B': 1}, '2': {'A': 0, 'B': 1}}
13	33876803	33877203	cn={'1': {'A': 1, 'B': 1}, '2': {'A': 1, 'B': 1}}
13	33877204	33882116	cn={'1': {'A': 1, 'B': 1}, '2': {'A': 1, 'B': 1}}
13	33882117	33882761	cn={'1': {'A': 0, 'B': 1}, '2': {'A': 0, 'B': 1}}
13	33882762	37309364	cn={'1': {'A': 0, 'B': 1}, '2': {'A': 0, 'B': 1}}
13	37309365	37311226	cn={'1': {'A': 0, 'B': 0}, '2': {'A': 0, 'B': 0}}
13	37311227	61460610	cn={'1': {'A': 0, 'B': 1}, '2': {'A': 0, 'B': 1}}
13	61460611	61460722	cn={'1': {'A': 0, 'B': 1}, '2': {'A': 0, 'B': 1}}
13	61460723	75549999	cn={'1': {'A': 0, 'B': 1}, '2': {'A': 0, 'B': 1}}
13	75550000	75556376	cn={'1': {'A': 0, 'B': 1}, '2': {'A': 0, 'B': 1}}
13	75556377	75899999	cn={'1': {'A': 1, 'B': 1}, '2': {'A': 1, 'B': 1}}
13	75900000	75922634	cn={'1': {'A': 1, 'B': 1}, '2': {'A': 1, 'B': 1}}
13	75922635	75949999	cn={'1': {'A': 0, 'B': 1}, '2': {'A': 0, 'B': 1}}
13	75950000	75959028	cn={'1': {'A': 0, 'B': 1}, '2': {'A': 0, 'B': 1}}
13	75959029	76677846	cn={'1': {'A': 1, 'B': 1}, '2': {'A': 1, 'B': 1}}
13	76677847	76686313	cn={'1': {'A': 1, 'B': 0}, '2': {'A': 1, 'B': 0}}
13	76686314	76799999	cn={'1': {'A': 1, 'B': 1}, '2': {'A': 1, 'B': 1}}
13	76800000	76809050	cn={'1': {'A': 1, 'B': 1}, '2': {'A': 1, 'B': 1}}
13	76809051	76831890	cn={'1': {'A': 0, 'B': 1}, '2': {'A': 0, 'B': 1}}
13	76831891	76849999	cn={'1': {'A': 1, 'B': 1}, '2': {'A': 1, 'B': 1}}
13	76850000	77549999	cn={'1': {'A': 1, 'B': 1}, '2': {'A': 1, 'B': 1}}
13	77550000	77584763	cn={'1': {'A': 1, 'B': 1}, '2': {'A': 1, 'B': 1}}
13	77584764	77799999	cn={'1': {'A': 0, 'B': 1}, '2': {'A': 0, 'B': 1}}
13	77800000	77806102	cn={'1': {'A': 0, 'B': 1}, '2': {'A': 0, 'B': 1}}
13	77806103	78649999	cn={'1': {'A': 1, 'B': 1}, '2': {'A': 1, 'B': 1}}
13	78650000	78675919	cn={'1': {'A': 1, 'B': 1}, '2': {'A': 1, 'B': 1}}
13	78675920	78739759	cn={'1': {'A': 0, 'B': 1}, '2': {'A': 0, 'B': 1}}
13	78739760	78749999	cn={'1': {'A': 1, 'B': 1}, '2': {'A': 1, 'B': 1}}
13	78750000	79246405	cn={'1': {'A': 1, 'B': 1}, '2': {'A': 1, 'B': 1}}
13	79246406	79259285	cn={'1': {'A': 0, 'B': 1}, '2': {'A': 0, 'B': 1}}
13	79259286	87399999	cn={'1': {'A': 1, 'B': 1}, '2': {'A': 1, 'B': 1}}
13	87400000	87449999	cn={'1': {'A': 1, 'B': 1}, '2': {'A': 1, 'B': 1}}
13	87450000	89234538	cn={'1': {'A': 1, 'B': 1}, '2': {'A': 1, 'B': 1}}
13	89234539	89235781	cn={'1': {'A': 1, 'B': 1}, '2': {'A': 1, 'B': 1}}
13	89235782	97949999	cn={'1': {'A': 1, 'B': 1}, '2': {'A': 1, 'B': 1}}
13	97950000	97999999	cn={'1': {'A': 1, 'B': 1}, '2': {'A': 1, 'B': 1}}
13	98000000	103750779	cn={'1': {'A': 1, 'B': 1}, '2': {'A': 1, 'B': 1}}
13	103750780	103751749	cn={'1': {'A': 1, 'B': 1}, '2': {'A': 1, 'B': 1}}
13	103751750	113499999	cn={'1': {'A': 1, 'B': 1}, '2': {'A': 1, 'B': 1}}
13	113500000	113549999	cn={'1': {'A': 1, 'B': 1}, '2': {'A': 1, 'B': 1}}
13	113550000	113949999	cn={'1': {'A': 1, 'B': 1}, '2': {'A': 1, 'B': 1}}
13	113950000	113999999	cn={'1': {'A': 1, 'B': 1}, '2': {'A': 1, 'B': 1}}
13	114000000	115049999	cn={'1': {'A': 1, 'B': 1}, '2': {'A': 1, 'B': 1}}
13	115050000	115149999	cn={'1': {'A': 1, 'B': 1}, '2': {'A': 1, 'B': 1}}
14	19000000	19049999	cn={'1': {'A': 1, 'B': 1}, '2': {'A': 1, 'B': 1}}
14	19050000	22599999	cn={'1': {'A': 1, 'B': 1}, '2': {'A': 1, 'B': 1}}
14	22600000	22949999	cn={'1': {'A': 1, 'B': 1}, '2': {'A': 1, 'B': 1}}
14	22950000	28949999	cn={'1': {'A': 1, 'B': 1}, '2': {'A': 1, 'B': 1}}
14	28950000	28999999	cn={'1': {'A': 1, 'B': 1}, '2': {'A': 1, 'B': 1}}
14	29000000	37869084	cn={'1': {'A': 1, 'B': 1}, '2': {'A': 1, 'B': 1}}
14	37869085	37924999	cn={'1': {'A': 1, 'B': 2}, '2': {'A': 1, 'B': 2}}
14	37925000	38093542	cn={'1': {'A': 1, 'B': 2}, '2': {'A': 1, 'B': 2}}
14	38093543	38099999	cn={'1': {'A': 1, 'B': 1}, '2': {'A': 1, 'B': 1}}
14	38100000	42240178	cn={'1': {'A': 1, 'B': 1}, '2': {'A': 1, 'B': 1}}
14	42240179	42249999	cn={'1': {'A': 1, 'B': 0}, '2': {'A': 1, 'B': 0}}
14	42250000	44699999	cn={'1': {'A': 1, 'B': 0}, '2': {'A': 1, 'B': 0}}
14	44700000	44700678	cn={'1': {'A': 1, 'B': 0}, '2': {'A': 1, 'B': 0}}
14	44700679	45949999	cn={'1': {'A': 1, 'B': 1}, '2': {'A': 1, 'B': 1}}
14	45950000	46149999	cn={'1': {'A': 1, 'B': 1}, '2': {'A': 1, 'B': 1}}
14	46150000	52002462	cn={'1': {'A': 1, 'B': 1}, '2': {'A': 1, 'B': 1}}
14	52002463	52003167	cn={'1': {'A': 1, 'B': 1}, '2': {'A': 1, 'B': 1}}
14	52003168	55072931	cn={'1': {'A': 1, 'B': 1}, '2': {'A': 1, 'B': 1}}
14	55072932	55072993	cn={'1': {'A': 1, 'B': 1}, '2': {'A': 1, 'B': 1}}
14	55072994	61499999	cn={'1': {'A': 1, 'B': 1}, '2': {'A': 1, 'B': 1}}
14	61500000	61549999	cn={'1': {'A': 1, 'B': 1}, '2': {'A': 1, 'B': 1}}
14	61550000	72882805	cn={'1': {'A': 1, 'B': 1}, '2': {'A': 1, 'B': 1}}
14	72882806	72882918	cn={'1': {'A': 0, 'B': 1}, '2': {'A': 0, 'B': 1}}
14	72882919	74899999	cn={'1': {'A': 1, 'B': 1}, '2': {'A': 1, 'B': 1}}
14	74900000	74949999	cn={'1': {'A': 1, 'B': 1}, '2': {'A': 1, 'B': 1}}
14	74950000	75049999	cn={'1': {'A': 1, 'B': 1}, '2': {'A': 1, 'B': 1}}
14	75050000	75449999	cn={'1': {'A': 1, 'B': 1}, '2': {'A': 1, 'B': 1}}
14	75450000	75499999	cn={'1': {'A': 1, 'B': 1}, '2': {'A': 1, 'B': 1}}
14	75500000	75599999	cn={'1': {'A': 1, 'B': 1}, '2': {'A': 1, 'B': 1}}
14	75600000	75649999	cn={'1': {'A': 1, 'B': 1}, '2': {'A': 1, 'B': 1}}
14	75650000	75749999	cn={'1': {'A': 1, 'B': 1}, '2': {'A': 1, 'B': 1}}
14	75750000	75899999	cn={'1': {'A': 1, 'B': 1}, '2': {'A': 1, 'B': 1}}
14	75900000	75949999	cn={'1': {'A': 1, 'B': 1}, '2': {'A': 1, 'B': 1}}
14	75950000	76449999	cn={'1': {'A': 1, 'B': 1}, '2': {'A': 1, 'B': 1}}
14	76450000	76499999	cn={'1': {'A': 1, 'B': 1}, '2': {'A': 1, 'B': 1}}
14	76500000	78799999	cn={'1': {'A': 1, 'B': 1}, '2': {'A': 1, 'B': 1}}
14	78800000	78899999	cn={'1': {'A': 1, 'B': 1}, '2': {'A': 1, 'B': 1}}
14	78900000	78999999	cn={'1': {'A': 1, 'B': 1}, '2': {'A': 1, 'B': 1}}
14	79000000	79049999	cn={'1': {'A': 1, 'B': 1}, '2': {'A': 1, 'B': 1}}
14	79050000	79299999	cn={'1': {'A': 1, 'B': 1}, '2': {'A': 1, 'B': 1}}
14	79300000	79349999	cn={'1': {'A': 1, 'B': 1}, '2': {'A': 1, 'B': 1}}
14	79350000	79399999	cn={'1': {'A': 1, 'B': 1}, '2': {'A': 1, 'B': 1}}
14	79400000	79449999	cn={'1': {'A': 1, 'B': 1}, '2': {'A': 1, 'B': 1}}
14	79450000	79749999	cn={'1': {'A': 1, 'B': 1}, '2': {'A': 1, 'B': 1}}
14	79750000	79799999	cn={'1': {'A': 1, 'B': 1}, '2': {'A': 1, 'B': 1}}
14	79800000	80249999	cn={'1': {'A': 1, 'B': 1}, '2': {'A': 1, 'B': 1}}
14	80250000	80324999	cn={'1': {'A': 1, 'B': 1}, '2': {'A': 1, 'B': 1}}
14	80325000	80424999	cn={'1': {'A': 1, 'B': 1}, '2': {'A': 1, 'B': 1}}
14	80425000	80674999	cn={'1': {'A': 1, 'B': 1}, '2': {'A': 1, 'B': 1}}
14	80675000	81099999	cn={'1': {'A': 1, 'B': 1}, '2': {'A': 1, 'B': 1}}
14	81100000	81149999	cn={'1': {'A': 1, 'B': 1}, '2': {'A': 1, 'B': 1}}
14	81150000	81199999	cn={'1': {'A': 1, 'B': 1}, '2': {'A': 1, 'B': 1}}
14	81200000	81249999	cn={'1': {'A': 1, 'B': 1}, '2': {'A': 1, 'B': 1}}
14	81250000	81299999	cn={'1': {'A': 1, 'B': 1}, '2': {'A': 1, 'B': 1}}
14	81300000	81399999	cn={'1': {'A': 1, 'B': 1}, '2': {'A': 1, 'B': 1}}
14	81400000	81499999	cn={'1': {'A': 1, 'B': 1}, '2': {'A': 1, 'B': 1}}
14	81500000	81599999	cn={'1': {'A': 1, 'B': 1}, '2': {'A': 1, 'B': 1}}
14	81600000	81949999	cn={'1': {'A': 1, 'B': 1}, '2': {'A': 1, 'B': 1}}
14	81950000	81999999	cn={'1': {'A': 1, 'B': 1}, '2': {'A': 1, 'B': 1}}
14	82000000	86499999	cn={'1': {'A': 1, 'B': 1}, '2': {'A': 1, 'B': 1}}
14	86500000	86549999	cn={'1': {'A': 1, 'B': 1}, '2': {'A': 1, 'B': 1}}
14	86550000	87399999	cn={'1': {'A': 1, 'B': 1}, '2': {'A': 1, 'B': 1}}
14	87400000	87499999	cn={'1': {'A': 1, 'B': 1}, '2': {'A': 1, 'B': 1}}
14	87500000	87699999	cn={'1': {'A': 1, 'B': 1}, '2': {'A': 1, 'B': 1}}
14	87700000	87749999	cn={'1': {'A': 1, 'B': 1}, '2': {'A': 1, 'B': 1}}
14	87750000	88099999	cn={'1': {'A': 1, 'B': 1}, '2': {'A': 1, 'B': 1}}
14	88100000	88149999	cn={'1': {'A': 1, 'B': 1}, '2': {'A': 1, 'B': 1}}
14	88150000	88249999	cn={'1': {'A': 1, 'B': 1}, '2': {'A': 1, 'B': 1}}
14	88250000	88285904	cn={'1': {'A': 1, 'B': 1}, '2': {'A': 1, 'B': 1}}
14	88285905	88287170	cn={'1': {'A': 1, 'B': 1}, '2': {'A': 1, 'B': 1}}
14	88287171	88299999	cn={'1': {'A': 1, 'B': 1}, '2': {'A': 1, 'B': 1}}
14	88300000	88349999	cn={'1': {'A': 1, 'B': 1}, '2': {'A': 1, 'B': 1}}
14	88350000	88399999	cn={'1': {'A': 1, 'B': 1}, '2': {'A': 1, 'B': 1}}
14	88400000	89499999	cn={'1': {'A': 1, 'B': 1}, '2': {'A': 1, 'B': 1}}
14	89500000	89549999	cn={'1': {'A': 1, 'B': 1}, '2': {'A': 1, 'B': 1}}
14	89550000	89749999	cn={'1': {'A': 1, 'B': 1}, '2': {'A': 1, 'B': 1}}
14	89750000	89899999	cn={'1': {'A': 1, 'B': 1}, '2': {'A': 1, 'B': 1}}
14	89900000	90249999	cn={'1': {'A': 1, 'B': 1}, '2': {'A': 1, 'B': 1}}
14	90250000	90299999	cn={'1': {'A': 1, 'B': 1}, '2': {'A': 1, 'B': 1}}
14	90300000	90999999	cn={'1': {'A': 1, 'B': 1}, '2': {'A': 1, 'B': 1}}
14	91000000	91049999	cn={'1': {'A': 1, 'B': 1}, '2': {'A': 1, 'B': 1}}
14	91050000	91549999	cn={'1': {'A': 1, 'B': 1}, '2': {'A': 1, 'B': 1}}
14	91550000	91649999	cn={'1': {'A': 1, 'B': 1}, '2': {'A': 1, 'B': 1}}
14	91650000	92098331	cn={'1': {'A': 1, 'B': 1}, '2': {'A': 1, 'B': 1}}
14	92098332	92098681	cn={'1': {'A': 1, 'B': 1}, '2': {'A': 1, 'B': 1}}
14	92098682	92224999	cn={'1': {'A': 1, 'B': 1}, '2': {'A': 1, 'B': 1}}
14	92225000	92299999	cn={'1': {'A': 1, 'B': 1}, '2': {'A': 1, 'B': 1}}
14	92300000	92749999	cn={'1': {'A': 1, 'B': 1}, '2': {'A': 1, 'B': 1}}
14	92750000	92799999	cn={'1': {'A': 1, 'B': 1}, '2': {'A': 1, 'B': 1}}
14	92800000	93849999	cn={'1': {'A': 1, 'B': 1}, '2': {'A': 1, 'B': 1}}
14	93850000	93999999	cn={'1': {'A': 1, 'B': 1}, '2': {'A': 1, 'B': 1}}
14	94000000	94649999	cn={'1': {'A': 1, 'B': 1}, '2': {'A': 1, 'B': 1}}
14	94650000	94749999	cn={'1': {'A': 1, 'B': 1}, '2': {'A': 1, 'B': 1}}
14	94750000	95849999	cn={'1': {'A': 1, 'B': 1}, '2': {'A': 1, 'B': 1}}
14	95850000	95899999	cn={'1': {'A': 1, 'B': 1}, '2': {'A': 1, 'B': 1}}
14	95900000	96999999	cn={'1': {'A': 1, 'B': 1}, '2': {'A': 1, 'B': 1}}
14	97000000	97099999	cn={'1': {'A': 1, 'B': 1}, '2': {'A': 1, 'B': 1}}
14	97100000	97949999	cn={'1': {'A': 1, 'B': 1}, '2': {'A': 1, 'B': 1}}
14	97950000	97999999	cn={'1': {'A': 1, 'B': 1}, '2': {'A': 1, 'B': 1}}
14	98000000	98049999	cn={'1': {'A': 1, 'B': 1}, '2': {'A': 1, 'B': 1}}
14	98050000	98099999	cn={'1': {'A': 1, 'B': 1}, '2': {'A': 1, 'B': 1}}
14	98100000	98999999	cn={'1': {'A': 1, 'B': 1}, '2': {'A': 1, 'B': 1}}
14	99000000	99049999	cn={'1': {'A': 1, 'B': 1}, '2': {'A': 1, 'B': 1}}
14	99050000	100249999	cn={'1': {'A': 1, 'B': 1}, '2': {'A': 1, 'B': 1}}
14	100250000	100299999	cn={'1': {'A': 1, 'B': 1}, '2': {'A': 1, 'B': 1}}
14	100300000	100449999	cn={'1': {'A': 1, 'B': 1}, '2': {'A': 1, 'B': 1}}
14	100450000	100578604	cn={'1': {'A': 1, 'B': 1}, '2': {'A': 1, 'B': 1}}
14	100578605	100599999	cn={'1': {'A': 1, 'B': 0}, '2': {'A': 1, 'B': 0}}
14	100600000	100799999	cn={'1': {'A': 1, 'B': 0}, '2': {'A': 1, 'B': 0}}
14	100800000	100874999	cn={'1': {'A': 1, 'B': 0}, '2': {'A': 1, 'B': 0}}
14	100875000	100949999	cn={'1': {'A': 1, 'B': 0}, '2': {'A': 1, 'B': 0}}
14	100950000	100999999	cn={'1': {'A': 1, 'B': 0}, '2': {'A': 1, 'B': 0}}
14	101000000	101299999	cn={'1': {'A': 1, 'B': 0}, '2': {'A': 1, 'B': 0}}
14	101300000	101349999	cn={'1': {'A': 1, 'B': 0}, '2': {'A': 1, 'B': 0}}
14	101350000	102387815	cn={'1': {'A': 1, 'B': 0}, '2': {'A': 1, 'B': 0}}
14	102387816	102399999	cn={'1': {'A': 1, 'B': 0}, '2': {'A': 1, 'B': 0}}
14	102400000	102449999	cn={'1': {'A': 1, 'B': 0}, '2': {'A': 1, 'B': 0}}
14	102450000	102460578	cn={'1': {'A': 1, 'B': 0}, '2': {'A': 1, 'B': 0}}
14	102460579	102499999	cn={'1': {'A': 1, 'B': 1}, '2': {'A': 1, 'B': 1}}
14	102500000	102599999	cn={'1': {'A': 1, 'B': 1}, '2': {'A': 1, 'B': 1}}
14	102600000	102649999	cn={'1': {'A': 1, 'B': 1}, '2': {'A': 1, 'B': 1}}
14	102650000	102749999	cn={'1': {'A': 1, 'B': 1}, '2': {'A': 1, 'B': 1}}
14	102750000	102799999	cn={'1': {'A': 1, 'B': 1}, '2': {'A': 1, 'B': 1}}
14	102800000	102849999	cn={'1': {'A': 1, 'B': 1}, '2': {'A': 1, 'B': 1}}
14	102850000	102899999	cn={'1': {'A': 1, 'B': 1}, '2': {'A': 1, 'B': 1}}
14	102900000	104849999	cn={'1': {'A': 1, 'B': 1}, '2': {'A': 1, 'B': 1}}
14	104850000	104999999	cn={'1': {'A': 1, 'B': 1}, '2': {'A': 1, 'B': 1}}
14	105000000	105249999	cn={'1': {'A': 1, 'B': 1}, '2': {'A': 1, 'B': 1}}
14	105250000	105299999	cn={'1': {'A': 1, 'B': 1}, '2': {'A': 1, 'B': 1}}
14	105300000	105549999	cn={'1': {'A': 1, 'B': 1}, '2': {'A': 1, 'B': 1}}
14	105550000	105649999	cn={'1': {'A': 1, 'B': 1}, '2': {'A': 1, 'B': 1}}
14	105650000	105749999	cn={'1': {'A': 1, 'B': 1}, '2': {'A': 1, 'B': 1}}
14	105750000	105799999	cn={'1': {'A': 1, 'B': 1}, '2': {'A': 1, 'B': 1}}
14	105800000	105899999	cn={'1': {'A': 1, 'B': 1}, '2': {'A': 1, 'B': 1}}
14	105900000	105949999	cn={'1': {'A': 1, 'B': 1}, '2': {'A': 1, 'B': 1}}
14	105950000	105999999	cn={'1': {'A': 1, 'B': 1}, '2': {'A': 1, 'B': 1}}
14	106000000	106249999	cn={'1': {'A': 1, 'B': 1}, '2': {'A': 1, 'B': 1}}
14	106250000	106499999	cn={'1': {'A': 1, 'B': 1}, '2': {'A': 1, 'B': 1}}
14	106500000	106549999	cn={'1': {'A': 1, 'B': 1}, '2': {'A': 1, 'B': 1}}
14	106550000	106699999	cn={'1': {'A': 1, 'B': 1}, '2': {'A': 1, 'B': 1}}
14	106700000	107049999	cn={'1': {'A': 1, 'B': 1}, '2': {'A': 1, 'B': 1}}
14	107050000	107249999	cn={'1': {'A': 1, 'B': 1}, '2': {'A': 1, 'B': 1}}
14	107250000	107299999	cn={'1': {'A': 1, 'B': 1}, '2': {'A': 1, 'B': 1}}
15	20000000	28649999	cn={'1': {'A': 1, 'B': 1}, '2': {'A': 1, 'B': 1}}
15	28650000	28699999	cn={'1': {'A': 1, 'B': 1}, '2': {'A': 1, 'B': 1}}
15	28700000	28799999	cn={'1': {'A': 1, 'B': 1}, '2': {'A': 1, 'B': 1}}
15	28800000	28849999	cn={'1': {'A': 1, 'B': 1}, '2': {'A': 1, 'B': 1}}
15	28850000	29467286	cn={'1': {'A': 1, 'B': 1}, '2': {'A': 1, 'B': 1}}
15	29467287	29467929	cn={'1': {'A': 1, 'B': 1}, '2': {'A': 1, 'B': 1}}
15	29467930	29468081	cn={'1': {'A': 1, 'B': 1}, '2': {'A': 1, 'B': 1}}
15	29468082	29468200	cn={'1': {'A': 1, 'B': 1}, '2': {'A': 1, 'B': 1}}
15	29468201	30599999	cn={'1': {'A': 1, 'B': 1}, '2': {'A': 1, 'B': 1}}
15	30600000	30649999	cn={'1': {'A': 1, 'B': 1}, '2': {'A': 1, 'B': 1}}
15	30650000	30949999	cn={'1': {'A': 1, 'B': 1}, '2': {'A': 1, 'B': 1}}
15	30950000	30999999	cn={'1': {'A': 1, 'B': 1}, '2': {'A': 1, 'B': 1}}
15	31000000	32599999	cn={'1': {'A': 1, 'B': 1}, '2': {'A': 1, 'B': 1}}
15	32600000	32649999	cn={'1': {'A': 1, 'B': 1}, '2': {'A': 1, 'B': 1}}
15	32650000	41649999	cn={'1': {'A': 1, 'B': 1}, '2': {'A': 1, 'B': 1}}
15	41650000	41699999	cn={'1': {'A': 1, 'B': 1}, '2': {'A': 1, 'B': 1}}
15	41700000	44449999	cn={'1': {'A': 1, 'B': 1}, '2': {'A': 1, 'B': 1}}
15	44450000	44470959	cn={'1': {'A': 1, 'B': 1}, '2': {'A': 1, 'B': 1}}
15	44470960	44499999	cn={'1': {'A': 1, 'B': 0}, '2': {'A': 1, 'B': 0}}
15	44500000	44504066	cn={'1': {'A': 1, 'B': 0}, '2': {'A': 1, 'B': 0}}
15	44504067	56249999	cn={'1': {'A': 1, 'B': 1}, '2': {'A': 1, 'B': 1}}
15	56250000	56299999	cn={'1': {'A': 1, 'B': 1}, '2': {'A': 1, 'B': 1}}
15	56300000	57149999	cn={'1': {'A': 1, 'B': 1}, '2': {'A': 1, 'B': 1}}
15	57150000	57199999	cn={'1': {'A': 1, 'B': 1}, '2': {'A': 1, 'B': 1}}
15	57200000	60499999	cn={'1': {'A': 1, 'B': 1}, '2': {'A': 1, 'B': 1}}
15	60500000	60549999	cn={'1': {'A': 1, 'B': 1}, '2': {'A': 1, 'B': 1}}
15	60550000	72015920	cn={'1': {'A': 1, 'B': 1}, '2': {'A': 1, 'B': 1}}
15	72015921	72016889	cn={'1': {'A': 1, 'B': 1}, '2': {'A': 1, 'B': 1}}
15	72016890	73421190	cn={'1': {'A': 1, 'B': 1}, '2': {'A': 1, 'B': 1}}
15	73421191	74781519	cn={'1': {'A': 1, 'B': 1}, '2': {'A': 1, 'B': 1}}
15	74781520	74782454	cn={'1': {'A': 1, 'B': 1}, '2': {'A': 1, 'B': 1}}
15	74782455	75799999	cn={'1': {'A': 1, 'B': 1}, '2': {'A': 1, 'B': 1}}
15	75800000	75849999	cn={'1': {'A': 1, 'B': 1}, '2': {'A': 1, 'B': 1}}
15	75850000	78774999	cn={'1': {'A': 1, 'B': 1}, '2': {'A': 1, 'B': 1}}
15	78775000	78849999	cn={'1': {'A': 1, 'B': 1}, '2': {'A': 1, 'B': 1}}
15	78850000	82949999	cn={'1': {'A': 1, 'B': 1}, '2': {'A': 1, 'B': 1}}
15	82950000	82999999	cn={'1': {'A': 1, 'B': 1}, '2': {'A': 1, 'B': 1}}
15	83000000	83049999	cn={'1': {'A': 1, 'B': 1}, '2': {'A': 1, 'B': 1}}
15	83050000	83124999	cn={'1': {'A': 1, 'B': 1}, '2': {'A': 1, 'B': 1}}
15	83125000	88643263	cn={'1': {'A': 1, 'B': 1}, '2': {'A': 1, 'B': 1}}
15	88643264	88646081	cn={'1': {'A': 1, 'B': 1}, '2': {'A': 1, 'B': 1}}
15	88646082	89824999	cn={'1': {'A': 1, 'B': 1}, '2': {'A': 1, 'B': 1}}
15	89825000	89899999	cn={'1': {'A': 1, 'B': 1}, '2': {'A': 1, 'B': 1}}
15	89900000	102449999	cn={'1': {'A': 1, 'B': 1}, '2': {'A': 1, 'B': 1}}
15	102450000	102531391	cn={'1': {'A': 1, 'B': 1}, '2': {'A': 1, 'B': 1}}
16	50000	9137594	cn={'1': {'A': 1, 'B': 1}, '2': {'A': 1, 'B': 1}}
16	9137595	9139288	cn={'1': {'A': 1, 'B': 1}, '2': {'A': 1, 'B': 1}}
16	9139289	18399999	cn={'1': {'A': 1, 'B': 1}, '2': {'A': 1, 'B': 1}}
16	18400000	18474999	cn={'1': {'A': 1, 'B': 1}, '2': {'A': 1, 'B': 1}}
16	18475000	20599999	cn={'1': {'A': 1, 'B': 1}, '2': {'A': 1, 'B': 1}}
16	20600000	20629882	cn={'1': {'A': 1, 'B': 1}, '2': {'A': 1, 'B': 1}}
16	20629883	20649999	cn={'1': {'A': 2, 'B': 1}, '2': {'A': 1, 'B': 1}}
16	20650000	20654211	cn={'1': {'A': 2, 'B': 1}, '2': {'A': 1, 'B': 1}}
16	20654212	21399999	cn={'1': {'A': 1, 'B': 1}, '2': {'A': 1, 'B': 1}}
16	21400000	21449999	cn={'1': {'A': 1, 'B': 1}, '2': {'A': 1, 'B': 1}}
16	21450000	21849999	cn={'1': {'A': 1, 'B': 1}, '2': {'A': 1, 'B': 1}}
16	21850000	21899999	cn={'1': {'A': 1, 'B': 1}, '2': {'A': 1, 'B': 1}}
16	21900000	28399999	cn={'1': {'A': 1, 'B': 1}, '2': {'A': 1, 'B': 1}}
16	28400000	28449999	cn={'1': {'A': 1, 'B': 1}, '2': {'A': 1, 'B': 1}}
16	28450000	29449999	cn={'1': {'A': 1, 'B': 1}, '2': {'A': 1, 'B': 1}}
16	29450000	29549999	cn={'1': {'A': 1, 'B': 1}, '2': {'A': 1, 'B': 1}}
16	29550000	32899999	cn={'1': {'A': 1, 'B': 1}, '2': {'A': 1, 'B': 1}}
16	32900000	32949999	cn={'1': {'A': 1, 'B': 1}, '2': {'A': 1, 'B': 1}}
16	32950000	33149999	cn={'1': {'A': 1, 'B': 1}, '2': {'A': 1, 'B': 1}}
16	33150000	33199999	cn={'1': {'A': 1, 'B': 1}, '2': {'A': 1, 'B': 1}}
16	33200000	33249999	cn={'1': {'A': 1, 'B': 1}, '2': {'A': 1, 'B': 1}}
16	33250000	33437199	cn={'1': {'A': 1, 'B': 1}, '2': {'A': 1, 'B': 1}}
16	33437200	33437361	cn={'1': {'A': 1, 'B': 1}, '2': {'A': 1, 'B': 1}}
16	33437362	33437746	cn={'1': {'A': 1, 'B': 1}, '2': {'A': 1, 'B': 1}}
16	33437747	33437804	cn={'1': {'A': 1, 'B': 1}, '2': {'A': 1, 'B': 1}}
16	33437805	40824999	cn={'1': {'A': 1, 'B': 1}, '2': {'A': 1, 'B': 1}}
16	40825000	46449999	cn={'1': {'A': 1, 'B': 1}, '2': {'A': 1, 'B': 1}}
16	46450000	46624999	cn={'1': {'A': 1, 'B': 1}, '2': {'A': 1, 'B': 1}}
16	46625000	46699999	cn={'1': {'A': 1, 'B': 1}, '2': {'A': 1, 'B': 1}}
16	46700000	53668706	cn={'1': {'A': 1, 'B': 1}, '2': {'A': 1, 'B': 1}}
16	53668707	53693422	cn={'1': {'A': 1, 'B': 1}, '2': {'A': 1, 'B': 1}}
16	53693423	57174999	cn={'1': {'A': 1, 'B': 1}, '2': {'A': 1, 'B': 1}}
16	57175000	57324999	cn={'1': {'A': 1, 'B': 1}, '2': {'A': 1, 'B': 1}}
16	57325000	60624999	cn={'1': {'A': 1, 'B': 1}, '2': {'A': 1, 'B': 1}}
16	60625000	60699999	cn={'1': {'A': 1, 'B': 1}, '2': {'A': 1, 'B': 1}}
16	60700000	63522429	cn={'1': {'A': 1, 'B': 1}, '2': {'A': 1, 'B': 1}}
16	63522430	63536273	cn={'1': {'A': 1, 'B': 1}, '2': {'A': 1, 'B': 1}}
16	63536274	65105059	cn={'1': {'A': 1, 'B': 1}, '2': {'A': 1, 'B': 1}}
16	65105060	65106534	cn={'1': {'A': 1, 'B': 1}, '2': {'A': 1, 'B': 1}}
16	65106535	78999999	cn={'1': {'A': 1, 'B': 1}, '2': {'A': 1, 'B': 1}}
16	79000000	79699999	cn={'1': {'A': 1, 'B': 1}, '2': {'A': 1, 'B': 1}}
16	79700000	79716854	cn={'1': {'A': 1, 'B': 1}, '2': {'A': 1, 'B': 1}}
16	79716855	79749999	cn={'1': {'A': 1, 'B': 0}, '2': {'A': 1, 'B': 0}}
16	79750000	79795658	cn={'1': {'A': 1, 'B': 0}, '2': {'A': 1, 'B': 0}}
16	79795659	79804846	cn={'1': {'A': 2, 'B': 0}, '2': {'A': 2, 'B': 0}}
16	79804847	79849999	cn={'1': {'A': 1, 'B': 0}, '2': {'A': 1, 'B': 0}}
16	79850000	80630417	cn={'1': {'A': 1, 'B': 0}, '2': {'A': 1, 'B': 0}}
16	80630418	80649999	cn={'1': {'A': 1, 'B': 1}, '2': {'A': 1, 'B': 1}}
16	80650000	90149999	cn={'1': {'A': 1, 'B': 1}, '2': {'A': 1, 'B': 1}}
16	90150000	90199999	cn={'1': {'A': 1, 'B': 1}, '2': {'A': 1, 'B': 1}}
16	90200000	90299999	cn={'1': {'A': 1, 'B': 1}, '2': {'A': 1, 'B': 1}}
17	0	2449999	cn={'1': {'A': 1, 'B': 0}, '2': {'A': 1, 'B': 1}}
17	2450000	2524999	cn={'1': {'A': 1, 'B': 0}, '2': {'A': 1, 'B': 1}}
17	2525000	4299999	cn={'1': {'A': 1, 'B': 0}, '2': {'A': 1, 'B': 1}}
17	4300000	21549999	cn={'1': {'A': 1, 'B': 0}, '2': {'A': 1, 'B': 1}}
17	21550000	25606943	cn={'1': {'A': 1, 'B': 0}, '2': {'A': 1, 'B': 1}}
17	25606944	25608232	cn={'1': {'A': 1, 'B': 1}, '2': {'A': 1, 'B': 1}}
17	25608233	26899999	cn={'1': {'A': 1, 'B': 1}, '2': {'A': 1, 'B': 1}}
17	26900000	26949999	cn={'1': {'A': 1, 'B': 1}, '2': {'A': 1, 'B': 1}}
17	26950000	30249999	cn={'1': {'A': 1, 'B': 1}, '2': {'A': 1, 'B': 1}}
17	30250000	30299999	cn={'1': {'A': 1, 'B': 1}, '2': {'A': 1, 'B': 1}}
17	30300000	31582864	cn={'1': {'A': 1, 'B': 1}, '2': {'A': 1, 'B': 1}}
17	31582865	31583000	cn={'1': {'A': 1, 'B': 1}, '2': {'A': 1, 'B': 1}}
17	31583001	34549999	cn={'1': {'A': 1, 'B': 1}, '2': {'A': 1, 'B': 1}}
17	34550000	34624999	cn={'1': {'A': 1, 'B': 1}, '2': {'A': 1, 'B': 1}}
17	34625000	37549999	cn={'1': {'A': 1, 'B': 1}, '2': {'A': 1, 'B': 1}}
17	37550000	37649999	cn={'1': {'A': 1, 'B': 1}, '2': {'A': 1, 'B': 1}}
17	37650000	39352355	cn={'1': {'A': 1, 'B': 1}, '2': {'A': 1, 'B': 1}}
17	39352356	39352907	cn={'1': {'A': 1, 'B': 1}, '2': {'A': 1, 'B': 1}}
17	39352908	44699999	cn={'1': {'A': 1, 'B': 1}, '2': {'A': 1, 'B': 1}}
17	44700000	44749999	cn={'1': {'A': 1, 'B': 1}, '2': {'A': 1, 'B': 1}}
17	44750000	44799999	cn={'1': {'A': 1, 'B': 1}, '2': {'A': 1, 'B': 1}}
17	44800000	44808419	cn={'1': {'A': 1, 'B': 1}, '2': {'A': 1, 'B': 1}}
17	44808420	49497124	cn={'1': {'A': 2, 'B': 1}, '2': {'A': 2, 'B': 1}}
17	49497125	49499999	cn={'1': {'A': 2, 'B': 1}, '2': {'A': 2, 'B': 0}}
17	49500000	49549999	cn={'1': {'A': 2, 'B': 1}, '2': {'A': 2, 'B': 0}}
17	49550000	49676105	cn={'1': {'A': 2, 'B': 1}, '2': {'A': 2, 'B': 0}}
17	49676106	49682094	cn={'1': {'A': 2, 'B': 1}, '2': {'A': 2, 'B': 0}}
17	49682095	54549999	cn={'1': {'A': 2, 'B': 1}, '2': {'A': 2, 'B': 0}}
17	54550000	54572134	cn={'1': {'A': 2, 'B': 1}, '2': {'A': 2, 'B': 0}}
17	54572135	54599999	cn={'1': {'A': 2, 'B': 1}, '2': {'A': 2, 'B': 1}}
17	54600000	54649999	cn={'1': {'A': 2, 'B': 1}, '2': {'A': 2, 'B': 1}}
17	54650000	54699999	cn={'1': {'A': 2, 'B': 1}, '2': {'A': 2, 'B': 1}}
17	54700000	54849999	cn={'1': {'A': 2, 'B': 1}, '2': {'A': 2, 'B': 1}}
17	54850000	54899999	cn={'1': {'A': 2, 'B': 1}, '2': {'A': 2, 'B': 1}}
17	54900000	54949999	cn={'1': {'A': 2, 'B': 1}, '2': {'A': 2, 'B': 1}}
17	54950000	55049999	cn={'1': {'A': 2, 'B': 1}, '2': {'A': 2, 'B': 1}}
17	55050000	55399999	cn={'1': {'A': 2, 'B': 1}, '2': {'A': 2, 'B': 1}}
17	55400000	55449999	cn={'1': {'A': 2, 'B': 1}, '2': {'A': 2, 'B': 1}}
17	55450000	55549999	cn={'1': {'A': 2, 'B': 1}, '2': {'A': 2, 'B': 1}}
17	55550000	55599999	cn={'1': {'A': 2, 'B': 1}, '2': {'A': 2, 'B': 1}}
17	55600000	55649999	cn={'1': {'A': 2, 'B': 1}, '2': {'A': 2, 'B': 1}}
17	55650000	55699999	cn={'1': {'A': 2, 'B': 1}, '2': {'A': 2, 'B': 1}}
17	55700000	56049999	cn={'1': {'A': 2, 'B': 1}, '2': {'A': 2, 'B': 1}}
17	56050000	56149999	cn={'1': {'A': 2, 'B': 1}, '2': {'A': 2, 'B': 1}}
17	56150000	58049999	cn={'1': {'A': 2, 'B': 1}, '2': {'A': 2, 'B': 1}}
17	58050000	58149999	cn={'1': {'A': 2, 'B': 1}, '2': {'A': 2, 'B': 1}}
17	58150000	58549999	cn={'1': {'A': 2, 'B': 1}, '2': {'A': 2, 'B': 1}}
17	58550000	58599999	cn={'1': {'A': 2, 'B': 1}, '2': {'A': 2, 'B': 1}}
17	58600000	58649999	cn={'1': {'A': 2, 'B': 1}, '2': {'A': 2, 'B': 1}}
17	58650000	58799999	cn={'1': {'A': 2, 'B': 1}, '2': {'A': 2, 'B': 1}}
17	58800000	59449999	cn={'1': {'A': 2, 'B': 1}, '2': {'A': 2, 'B': 1}}
17	59450000	59499999	cn={'1': {'A': 2, 'B': 1}, '2': {'A': 2, 'B': 1}}
17	59500000	59549999	cn={'1': {'A': 2, 'B': 1}, '2': {'A': 2, 'B': 1}}
17	59550000	59599999	cn={'1': {'A': 2, 'B': 1}, '2': {'A': 2, 'B': 1}}
17	59600000	59649999	cn={'1': {'A': 2, 'B': 1}, '2': {'A': 2, 'B': 1}}
17	59650000	60349999	cn={'1': {'A': 2, 'B': 1}, '2': {'A': 2, 'B': 1}}
17	60350000	60449999	cn={'1': {'A': 2, 'B': 1}, '2': {'A': 2, 'B': 1}}
17	60450000	60649999	cn={'1': {'A': 2, 'B': 1}, '2': {'A': 2, 'B': 1}}
17	60650000	60699999	cn={'1': {'A': 2, 'B': 1}, '2': {'A': 2, 'B': 1}}
17	60700000	61949999	cn={'1': {'A': 2, 'B': 1}, '2': {'A': 2, 'B': 1}}
17	61950000	61999999	cn={'1': {'A': 2, 'B': 1}, '2': {'A': 2, 'B': 1}}
17	62000000	62049999	cn={'1': {'A': 2, 'B': 1}, '2': {'A': 2, 'B': 1}}
17	62050000	62149999	cn={'1': {'A': 2, 'B': 1}, '2': {'A': 2, 'B': 1}}
17	62150000	62449999	cn={'1': {'A': 2, 'B': 1}, '2': {'A': 2, 'B': 1}}
17	62450000	62499999	cn={'1': {'A': 2, 'B': 1}, '2': {'A': 2, 'B': 1}}
17	62500000	62549999	cn={'1': {'A': 2, 'B': 1}, '2': {'A': 2, 'B': 1}}
17	62550000	62599999	cn={'1': {'A': 2, 'B': 1}, '2': {'A': 2, 'B': 1}}
17	62600000	62649999	cn={'1': {'A': 2, 'B': 1}, '2': {'A': 2, 'B': 1}}
17	62650000	62774999	cn={'1': {'A': 2, 'B': 1}, '2': {'A': 2, 'B': 1}}
17	62775000	62899999	cn={'1': {'A': 2, 'B': 1}, '2': {'A': 2, 'B': 1}}
17	62900000	62949999	cn={'1': {'A': 2, 'B': 1}, '2': {'A': 2, 'B': 1}}
17	62950000	63099999	cn={'1': {'A': 2, 'B': 1}, '2': {'A': 2, 'B': 1}}
17	63100000	63349999	cn={'1': {'A': 2, 'B': 1}, '2': {'A': 2, 'B': 1}}
17	63350000	63355805	cn={'1': {'A': 2, 'B': 1}, '2': {'A': 2, 'B': 1}}
17	63355806	63356190	cn={'1': {'A': 2, 'B': 1}, '2': {'A': 1, 'B': 1}}
17	63356191	63386631	cn={'1': {'A': 2, 'B': 1}, '2': {'A': 1, 'B': 1}}
17	63386632	63399999	cn={'1': {'A': 2, 'B': 2}, '2': {'A': 1, 'B': 2}}
17	63400000	63449999	cn={'1': {'A': 2, 'B': 2}, '2': {'A': 1, 'B': 2}}
17	63450000	63499999	cn={'1': {'A': 2, 'B': 2}, '2': {'A': 1, 'B': 2}}
17	63500000	63649999	cn={'1': {'A': 2, 'B': 2}, '2': {'A': 1, 'B': 2}}
17	63650000	63699999	cn={'1': {'A': 2, 'B': 2}, '2': {'A': 1, 'B': 2}}
17	63700000	63749999	cn={'1': {'A': 2, 'B': 2}, '2': {'A': 1, 'B': 2}}
17	63750000	63899999	cn={'1': {'A': 2, 'B': 2}, '2': {'A': 1, 'B': 2}}
17	63900000	63949999	cn={'1': {'A': 2, 'B': 2}, '2': {'A': 1, 'B': 2}}
17	63950000	65349999	cn={'1': {'A': 2, 'B': 2}, '2': {'A': 1, 'B': 2}}
17	65350000	65399999	cn={'1': {'A': 2, 'B': 2}, '2': {'A': 1, 'B': 2}}
17	65400000	65699999	cn={'1': {'A': 2, 'B': 2}, '2': {'A': 1, 'B': 2}}
17	65700000	65799999	cn={'1': {'A': 2, 'B': 2}, '2': {'A': 1, 'B': 2}}
17	65800000	65849999	cn={'1': {'A': 2, 'B': 2}, '2': {'A': 1, 'B': 2}}
17	65850000	65899999	cn={'1': {'A': 2, 'B': 2}, '2': {'A': 1, 'B': 2}}
17	65900000	65949999	cn={'1': {'A': 2, 'B': 2}, '2': {'A': 1, 'B': 2}}
17	65950000	66149999	cn={'1': {'A': 2, 'B': 2}, '2': {'A': 1, 'B': 2}}
17	66150000	66549999	cn={'1': {'A': 2, 'B': 2}, '2': {'A': 1, 'B': 2}}
17	66550000	66599999	cn={'1': {'A': 2, 'B': 2}, '2': {'A': 1, 'B': 2}}
17	66600000	66799999	cn={'1': {'A': 2, 'B': 2}, '2': {'A': 1, 'B': 2}}
17	66800000	66899999	cn={'1': {'A': 2, 'B': 2}, '2': {'A': 1, 'B': 2}}
17	66900000	67099999	cn={'1': {'A': 2, 'B': 2}, '2': {'A': 1, 'B': 2}}
17	67100000	67177831	cn={'1': {'A': 2, 'B': 2}, '2': {'A': 1, 'B': 2}}
17	67177832	67179468	cn={'1': {'A': 1, 'B': 2}, '2': {'A': 1, 'B': 2}}
17	67179469	67349999	cn={'1': {'A': 2, 'B': 2}, '2': {'A': 1, 'B': 2}}
17	67350000	67649999	cn={'1': {'A': 2, 'B': 2}, '2': {'A': 1, 'B': 2}}
17	67650000	67849999	cn={'1': {'A': 2, 'B': 2}, '2': {'A': 1, 'B': 2}}
17	67850000	67949999	cn={'1': {'A': 2, 'B': 2}, '2': {'A': 1, 'B': 2}}
17	67950000	67999999	cn={'1': {'A': 2, 'B': 2}, '2': {'A': 1, 'B': 2}}
17	68000000	68049999	cn={'1': {'A': 2, 'B': 2}, '2': {'A': 1, 'B': 2}}
17	68050000	68399999	cn={'1': {'A': 2, 'B': 2}, '2': {'A': 1, 'B': 2}}
17	68400000	68499999	cn={'1': {'A': 2, 'B': 2}, '2': {'A': 1, 'B': 2}}
17	68500000	68949999	cn={'1': {'A': 2, 'B': 2}, '2': {'A': 1, 'B': 2}}
17	68950000	69049999	cn={'1': {'A': 2, 'B': 2}, '2': {'A': 1, 'B': 2}}
17	69050000	69249999	cn={'1': {'A': 2, 'B': 2}, '2': {'A': 1, 'B': 2}}
17	69250000	69299999	cn={'1': {'A': 2, 'B': 2}, '2': {'A': 1, 'B': 2}}
17	69300000	69449999	cn={'1': {'A': 2, 'B': 2}, '2': {'A': 1, 'B': 2}}
17	69450000	69549999	cn={'1': {'A': 2, 'B': 2}, '2': {'A': 1, 'B': 2}}
17	69550000	69649999	cn={'1': {'A': 2, 'B': 2}, '2': {'A': 1, 'B': 2}}
17	69650000	69724999	cn={'1': {'A': 2, 'B': 2}, '2': {'A': 1, 'B': 2}}
17	69725000	69849999	cn={'1': {'A': 2, 'B': 2}, '2': {'A': 1, 'B': 2}}
17	69850000	69949999	cn={'1': {'A': 2, 'B': 2}, '2': {'A': 1, 'B': 2}}
17	69950000	70099999	cn={'1': {'A': 2, 'B': 2}, '2': {'A': 1, 'B': 2}}
17	70100000	70499999	cn={'1': {'A': 2, 'B': 2}, '2': {'A': 1, 'B': 2}}
17	70500000	70549999	cn={'1': {'A': 2, 'B': 2}, '2': {'A': 1, 'B': 2}}
17	70550000	70799999	cn={'1': {'A': 2, 'B': 2}, '2': {'A': 1, 'B': 2}}
17	70800000	70849999	cn={'1': {'A': 2, 'B': 2}, '2': {'A': 1, 'B': 2}}
17	70850000	71199999	cn={'1': {'A': 2, 'B': 2}, '2': {'A': 1, 'B': 2}}
17	71200000	71249999	cn={'1': {'A': 2, 'B': 2}, '2': {'A': 1, 'B': 2}}
17	71250000	72599999	cn={'1': {'A': 2, 'B': 2}, '2': {'A': 1, 'B': 2}}
17	72600000	72649999	cn={'1': {'A': 2, 'B': 2}, '2': {'A': 1, 'B': 2}}
17	72650000	72799999	cn={'1': {'A': 2, 'B': 2}, '2': {'A': 1, 'B': 2}}
17	72800000	72849999	cn={'1': {'A': 2, 'B': 2}, '2': {'A': 1, 'B': 2}}
17	72850000	73199999	cn={'1': {'A': 2, 'B': 2}, '2': {'A': 1, 'B': 2}}
17	73200000	73249999	cn={'1': {'A': 2, 'B': 2}, '2': {'A': 1, 'B': 2}}
17	73250000	73349999	cn={'1': {'A': 2, 'B': 2}, '2': {'A': 1, 'B': 2}}
17	73350000	73499999	cn={'1': {'A': 2, 'B': 2}, '2': {'A': 1, 'B': 2}}
17	73500000	74213402	cn={'1': {'A': 2, 'B': 2}, '2': {'A': 1, 'B': 2}}
17	74213403	74214428	cn={'1': {'A': 2, 'B': 2}, '2': {'A': 1, 'B': 2}}
17	74214429	74399999	cn={'1': {'A': 2, 'B': 2}, '2': {'A': 1, 'B': 2}}
17	74400000	74449999	cn={'1': {'A': 2, 'B': 2}, '2': {'A': 1, 'B': 2}}
17	74450000	74499999	cn={'1': {'A': 2, 'B': 2}, '2': {'A': 1, 'B': 2}}
17	74500000	74519402	cn={'1': {'A': 2, 'B': 2}, '2': {'A': 1, 'B': 2}}
17	74519403	74521392	cn={'1': {'A': 1, 'B': 2}, '2': {'A': 1, 'B': 2}}
17	74521393	74549999	cn={'1': {'A': 2, 'B': 2}, '2': {'A': 1, 'B': 2}}
17	74550000	75449999	cn={'1': {'A': 2, 'B': 2}, '2': {'A': 1, 'B': 2}}
17	75450000	75499999	cn={'1': {'A': 2, 'B': 2}, '2': {'A': 1, 'B': 2}}
17	75500000	75949999	cn={'1': {'A': 2, 'B': 2}, '2': {'A': 1, 'B': 2}}
17	75950000	75999999	cn={'1': {'A': 2, 'B': 2}, '2': {'A': 1, 'B': 2}}
17	76000000	77549999	cn={'1': {'A': 2, 'B': 2}, '2': {'A': 1, 'B': 2}}
17	77550000	77599999	cn={'1': {'A': 2, 'B': 2}, '2': {'A': 1, 'B': 2}}
17	77600000	78249999	cn={'1': {'A': 2, 'B': 2}, '2': {'A': 1, 'B': 2}}
17	78250000	78299999	cn={'1': {'A': 2, 'B': 2}, '2': {'A': 1, 'B': 2}}
17	78300000	78349999	cn={'1': {'A': 2, 'B': 2}, '2': {'A': 1, 'B': 2}}
17	78350000	78399999	cn={'1': {'A': 2, 'B': 2}, '2': {'A': 1, 'B': 2}}
17	78400000	78449999	cn={'1': {'A': 2, 'B': 2}, '2': {'A': 1, 'B': 2}}
17	78450000	78799999	cn={'1': {'A': 2, 'B': 2}, '2': {'A': 1, 'B': 2}}
17	78800000	78849999	cn={'1': {'A': 2, 'B': 2}, '2': {'A': 1, 'B': 2}}
17	78850000	79049999	cn={'1': {'A': 2, 'B': 2}, '2': {'A': 1, 'B': 2}}
17	79050000	79099999	cn={'1': {'A': 2, 'B': 2}, '2': {'A': 1, 'B': 2}}
17	79100000	79699999	cn={'1': {'A': 2, 'B': 2}, '2': {'A': 1, 'B': 2}}
17	79700000	79749999	cn={'1': {'A': 2, 'B': 2}, '2': {'A': 1, 'B': 2}}
17	79750000	79849999	cn={'1': {'A': 2, 'B': 2}, '2': {'A': 1, 'B': 2}}
17	79850000	80049999	cn={'1': {'A': 2, 'B': 2}, '2': {'A': 1, 'B': 2}}
17	80050000	80064753	cn={'1': {'A': 2, 'B': 2}, '2': {'A': 1, 'B': 2}}
17	80064754	80149999	cn={'1': {'A': 2, 'B': 2}, '2': {'A': 1, 'B': 2}}
17	80150000	80199999	cn={'1': {'A': 2, 'B': 2}, '2': {'A': 1, 'B': 2}}
17	80200000	80249999	cn={'1': {'A': 2, 'B': 2}, '2': {'A': 1, 'B': 2}}
17	80250000	80299999	cn={'1': {'A': 2, 'B': 2}, '2': {'A': 1, 'B': 2}}
17	80300000	80549999	cn={'1': {'A': 2, 'B': 2}, '2': {'A': 1, 'B': 2}}
17	80550000	80599999	cn={'1': {'A': 2, 'B': 2}, '2': {'A': 1, 'B': 2}}
17	80600000	80649999	cn={'1': {'A': 2, 'B': 2}, '2': {'A': 1, 'B': 2}}
17	80650000	80799999	cn={'1': {'A': 2, 'B': 2}, '2': {'A': 1, 'B': 2}}
17	80800000	80849999	cn={'1': {'A': 2, 'B': 2}, '2': {'A': 1, 'B': 2}}
17	80850000	80999999	cn={'1': {'A': 2, 'B': 2}, '2': {'A': 1, 'B': 2}}
17	81000000	81049999	cn={'1': {'A': 2, 'B': 2}, '2': {'A': 1, 'B': 2}}
17	81050000	81099999	cn={'1': {'A': 2, 'B': 2}, '2': {'A': 1, 'B': 2}}
17	81100000	81149999	cn={'1': {'A': 2, 'B': 2}, '2': {'A': 1, 'B': 2}}
17	81150000	81195209	cn={'1': {'A': 2, 'B': 2}, '2': {'A': 1, 'B': 2}}
18	0	49999	cn={'1': {'A': 1, 'B': 1}, '2': {'A': 1, 'B': 1}}
18	50000	19549999	cn={'1': {'A': 1, 'B': 1}, '2': {'A': 1, 'B': 1}}
18	19550000	19599999	cn={'1': {'A': 1, 'B': 1}, '2': {'A': 1, 'B': 1}}
18	19600000	23649999	cn={'1': {'A': 1, 'B': 1}, '2': {'A': 1, 'B': 1}}
18	23650000	23799999	cn={'1': {'A': 1, 'B': 1}, '2': {'A': 1, 'B': 1}}
18	23800000	25678377	cn={'1': {'A': 1, 'B': 1}, '2': {'A': 1, 'B': 1}}
18	25678378	25678464	cn={'1': {'A': 0, 'B': 1}, '2': {'A': 0, 'B': 1}}
18	25678465	28699999	cn={'1': {'A': 1, 'B': 1}, '2': {'A': 1, 'B': 1}}
18	28700000	28749999	cn={'1': {'A': 1, 'B': 1}, '2': {'A': 1, 'B': 1}}
18	28750000	30628733	cn={'1': {'A': 1, 'B': 1}, '2': {'A': 1, 'B': 1}}
18	30628734	30629375	cn={'1': {'A': 1, 'B': 1}, '2': {'A': 1, 'B': 1}}
18	30629376	31299999	cn={'1': {'A': 1, 'B': 1}, '2': {'A': 1, 'B': 1}}
18	31300000	31302450	cn={'1': {'A': 1, 'B': 1}, '2': {'A': 1, 'B': 1}}
18	31302451	31305951	cn={'1': {'A': 0, 'B': 1}, '2': {'A': 0, 'B': 1}}
18	31305952	31306803	cn={'1': {'A': 0, 'B': 2}, '2': {'A': 0, 'B': 2}}
18	31306804	33875022	cn={'1': {'A': 0, 'B': 1}, '2': {'A': 0, 'B': 1}}
18	33875023	33875359	cn={'1': {'A': 2, 'B': 1}, '2': {'A': 2, 'B': 1}}
18	33875360	33875624	cn={'1': {'A': 2, 'B': 0}, '2': {'A': 2, 'B': 0}}
18	33875625	33877635	cn={'1': {'A': 2, 'B': 0}, '2': {'A': 2, 'B': 1}}
18	33877636	33877791	cn={'1': {'A': 1, 'B': 0}, '2': {'A': 1, 'B': 1}}
18	33877792	33899999	cn={'1': {'A': 1, 'B': 1}, '2': {'A': 1, 'B': 1}}
18	33900000	40199999	cn={'1': {'A': 1, 'B': 1}, '2': {'A': 1, 'B': 1}}
18	40200000	40220619	cn={'1': {'A': 1, 'B': 1}, '2': {'A': 1, 'B': 1}}
18	40220620	40894751	cn={'1': {'A': 1, 'B': 1}, '2': {'A': 1, 'B': 0}}
18	40894752	40900792	cn={'1': {'A': 1, 'B': 1}, '2': {'A': 1, 'B': 1}}
18	40900793	45400970	cn={'1': {'A': 1, 'B': 0}, '2': {'A': 1, 'B': 0}}
18	45400971	78049999	cn={'1': {'A': 1, 'B': 0}, '2': {'A': 1, 'B': 0}}
19	50000	149999	cn={'1': {'A': 1, 'B': 1}, '2': {'A': 1, 'B': 1}}
19	150000	4062938	cn={'1': {'A': 1, 'B': 1}, '2': {'A': 1, 'B': 1}}
19	4062939	4063858	cn={'1': {'A': 1, 'B': 1}, '2': {'A': 1, 'B': 1}}
19	4063859	8699999	cn={'1': {'A': 1, 'B': 1}, '2': {'A': 1, 'B': 1}}
19	8700000	8749999	cn={'1': {'A': 1, 'B': 1}, '2': {'A': 1, 'B': 1}}
19	8750000	10598076	cn={'1': {'A': 1, 'B': 1}, '2': {'A': 1, 'B': 1}}
19	10598077	10600671	cn={'1': {'A': 1, 'B': 1}, '2': {'A': 1, 'B': 1}}
19	10600672	11749999	cn={'1': {'A': 1, 'B': 1}, '2': {'A': 1, 'B': 1}}
19	11750000	11799999	cn={'1': {'A': 1, 'B': 1}, '2': {'A': 1, 'B': 1}}
19	11800000	14277437	cn={'1': {'A': 1, 'B': 1}, '2': {'A': 1, 'B': 1}}
19	14277438	14291358	cn={'1': {'A': 1, 'B': 1}, '2': {'A': 1, 'B': 1}}
19	14291359	18148534	cn={'1': {'A': 1, 'B': 1}, '2': {'A': 1, 'B': 1}}
19	18148535	18149575	cn={'1': {'A': 1, 'B': 1}, '2': {'A': 1, 'B': 1}}
19	18149576	18681877	cn={'1': {'A': 1, 'B': 1}, '2': {'A': 1, 'B': 1}}
19	18681878	18694135	cn={'1': {'A': 1, 'B': 1}, '2': {'A': 1, 'B': 1}}
19	18694136	24599999	cn={'1': {'A': 1, 'B': 1}, '2': {'A': 1, 'B': 1}}
19	24600000	26174999	cn={'1': {'A': 1, 'B': 1}, '2': {'A': 1, 'B': 1}}
19	26175000	28824999	cn={'1': {'A': 1, 'B': 1}, '2': {'A': 1, 'B': 1}}
19	28825000	28899999	cn={'1': {'A': 1, 'B': 1}, '2': {'A': 1, 'B': 1}}
19	28900000	28999999	cn={'1': {'A': 1, 'B': 1}, '2': {'A': 1, 'B': 1}}
19	29000000	29074999	cn={'1': {'A': 1, 'B': 1}, '2': {'A': 1, 'B': 1}}
19	29075000	44099999	cn={'1': {'A': 1, 'B': 1}, '2': {'A': 1, 'B': 1}}
19	44100000	47349999	cn={'1': {'A': 1, 'B': 1}, '2': {'A': 1, 'B': 1}}
19	47350000	47399999	cn={'1': {'A': 1, 'B': 1}, '2': {'A': 1, 'B': 1}}
19	47400000	47699627	cn={'1': {'A': 1, 'B': 1}, '2': {'A': 1, 'B': 1}}
19	47699628	47699999	cn={'1': {'A': 2, 'B': 1}, '2': {'A': 2, 'B': 1}}
19	47700000	54398708	cn={'1': {'A': 2, 'B': 1}, '2': {'A': 2, 'B': 1}}
19	54398709	54413170	cn={'1': {'A': 1, 'B': 1}, '2': {'A': 1, 'B': 1}}
19	54413171	59049999	cn={'1': {'A': 2, 'B': 1}, '2': {'A': 2, 'B': 1}}
19	59050000	59128982	cn={'1': {'A': 2, 'B': 1}, '2': {'A': 2, 'B': 1}}
2	0	49999	cn={'1': {'A': 1, 'B': 1}, '2': {'A': 1, 'B': 1}}
2	50000	9649999	cn={'1': {'A': 1, 'B': 1}, '2': {'A': 1, 'B': 1}}
2	9650000	9699999	cn={'1': {'A': 1, 'B': 1}, '2': {'A': 1, 'B': 1}}
2	9700000	12027236	cn={'1': {'A': 1, 'B': 1}, '2': {'A': 1, 'B': 1}}
2	12027237	12028351	cn={'1': {'A': 1, 'B': 1}, '2': {'A': 1, 'B': 1}}
2	12028352	26512035	cn={'1': {'A': 1, 'B': 1}, '2': {'A': 1, 'B': 1}}
2	26512036	26514715	cn={'1': {'A': 1, 'B': 1}, '2': {'A': 1, 'B': 1}}
2	26514716	27341883	cn={'1': {'A': 1, 'B': 1}, '2': {'A': 1, 'B': 1}}
2	27341884	31507437	cn={'1': {'A': 1, 'B': 1}, '2': {'A': 1, 'B': 1}}
2	31507438	31507999	cn={'1': {'A': 1, 'B': 1}, '2': {'A': 1, 'B': 1}}
2	31508000	33099999	cn={'1': {'A': 1, 'B': 1}, '2': {'A': 1, 'B': 1}}
2	33100000	33149999	cn={'1': {'A': 1, 'B': 1}, '2': {'A': 1, 'B': 1}}
2	33150000	41399999	cn={'1': {'A': 1, 'B': 1}, '2': {'A': 1, 'B': 1}}
2	41400000	41449999	cn={'1': {'A': 1, 'B': 1}, '2': {'A': 1, 'B': 1}}
2	41450000	42566206	cn={'1': {'A': 1, 'B': 1}, '2': {'A': 1, 'B': 1}}
2	42566207	43238978	cn={'1': {'A': 1, 'B': 1}, '2': {'A': 1, 'B': 1}}
2	43238979	43240468	cn={'1': {'A': 1, 'B': 1}, '2': {'A': 1, 'B': 1}}
2	43240469	45258560	cn={'1': {'A': 1, 'B': 1}, '2': {'A': 1, 'B': 1}}
2	45258561	45260248	cn={'1': {'A': 1, 'B': 1}, '2': {'A': 1, 'B': 1}}
2	45260249	47613796	cn={'1': {'A': 1, 'B': 1}, '2': {'A': 1, 'B': 1}}
2	47613797	63149999	cn={'1': {'A': 1, 'B': 1}, '2': {'A': 1, 'B': 1}}
2	63150000	63249999	cn={'1': {'A': 1, 'B': 1}, '2': {'A': 1, 'B': 1}}
2	63250000	64834822	cn={'1': {'A': 1, 'B': 1}, '2': {'A': 1, 'B': 1}}
2	64834823	64835633	cn={'1': {'A': 1, 'B': 1}, '2': {'A': 1, 'B': 1}}
2	64835634	65001511	cn={'1': {'A': 1, 'B': 1}, '2': {'A': 1, 'B': 1}}
2	65001512	73699999	cn={'1': {'A': 1, 'B': 1}, '2': {'A': 1, 'B': 1}}
2	73700000	73749999	cn={'1': {'A': 1, 'B': 1}, '2': {'A': 1, 'B': 1}}
2	73750000	77399999	cn={'1': {'A': 1, 'B': 1}, '2': {'A': 1, 'B': 1}}
2	77400000	77449999	cn={'1': {'A': 1, 'B': 1}, '2': {'A': 1, 'B': 1}}
2	77450000	85773675	cn={'1': {'A': 1, 'B': 1}, '2': {'A': 1, 'B': 1}}
2	85773676	85774054	cn={'1': {'A': 1, 'B': 1}, '2': {'A': 1, 'B': 1}}
2	85774055	86899999	cn={'1': {'A': 1, 'B': 1}, '2': {'A': 1, 'B': 1}}
2	86900000	86949999	cn={'1': {'A': 1, 'B': 1}, '2': {'A': 1, 'B': 1}}
2	86950000	89574999	cn={'1': {'A': 1, 'B': 1}, '2': {'A': 1, 'B': 1}}
2	89575000	89724999	cn={'1': {'A': 1, 'B': 1}, '2': {'A': 1, 'B': 1}}
2	89725000	89899999	cn={'1': {'A': 1, 'B': 1}, '2': {'A': 1, 'B': 1}}
2	89900000	90299999	cn={'1': {'A': 1, 'B': 1}, '2': {'A': 1, 'B': 1}}
2	90300000	90349999	cn={'1': {'A': 1, 'B': 1}, '2': {'A': 1, 'B': 1}}
2	90350000	90399999	cn={'1': {'A': 1, 'B': 1}, '2': {'A': 1, 'B': 1}}
2	90400000	90499999	cn={'1': {'A': 1, 'B': 1}, '2': {'A': 1, 'B': 1}}
2	90500000	91599999	cn={'1': {'A': 1, 'B': 1}, '2': {'A': 1, 'B': 1}}
2	91600000	92299999	cn={'1': {'A': 1, 'B': 1}, '2': {'A': 1, 'B': 1}}
2	92300000	93824999	cn={'1': {'A': 1, 'B': 1}, '2': {'A': 1, 'B': 1}}
2	93825000	97899999	cn={'1': {'A': 1, 'B': 1}, '2': {'A': 1, 'B': 1}}
2	97900000	97999999	cn={'1': {'A': 1, 'B': 1}, '2': {'A': 1, 'B': 1}}
2	98000000	98049999	cn={'1': {'A': 1, 'B': 1}, '2': {'A': 1, 'B': 1}}
2	98050000	98099999	cn={'1': {'A': 1, 'B': 1}, '2': {'A': 1, 'B': 1}}
2	98100000	98149999	cn={'1': {'A': 1, 'B': 1}, '2': {'A': 1, 'B': 1}}
2	98150000	98249999	cn={'1': {'A': 1, 'B': 1}, '2': {'A': 1, 'B': 1}}
2	98250000	107213995	cn={'1': {'A': 1, 'B': 1}, '2': {'A': 1, 'B': 1}}
2	107213996	107216282	cn={'1': {'A': 1, 'B': 1}, '2': {'A': 1, 'B': 1}}
2	107216283	110499999	cn={'1': {'A': 1, 'B': 1}, '2': {'A': 1, 'B': 1}}
2	110500000	110624999	cn={'1': {'A': 1, 'B': 1}, '2': {'A': 1, 'B': 1}}
2	110625000	125527635	cn={'1': {'A': 1, 'B': 1}, '2': {'A': 1, 'B': 1}}
2	125527636	125528040	cn={'1': {'A': 1, 'B': 1}, '2': {'A': 1, 'B': 1}}
2	125528041	126999999	cn={'1': {'A': 1, 'B': 1}, '2': {'A': 1, 'B': 1}}
2	127000000	127049999	cn={'1': {'A': 1, 'B': 1}, '2': {'A': 1, 'B': 1}}
2	127050000	131274999	cn={'1': {'A': 1, 'B': 1}, '2': {'A': 1, 'B': 1}}
2	131275000	131349999	cn={'1': {'A': 1, 'B': 1}, '2': {'A': 1, 'B': 1}}
2	131350000	132394427	cn={'1': {'A': 1, 'B': 1}, '2': {'A': 1, 'B': 1}}
2	132394428	139149999	cn={'1': {'A': 1, 'B': 1}, '2': {'A': 1, 'B': 1}}
2	139150000	139158077	cn={'1': {'A': 1, 'B': 1}, '2': {'A': 1, 'B': 1}}
2	139158078	139529582	cn={'1': {'A': 1, 'B': 0}, '2': {'A': 1, 'B': 0}}
2	139529583	139549999	cn={'1': {'A': 1, 'B': 1}, '2': {'A': 1, 'B': 1}}
2	139550000	139722426	cn={'1': {'A': 1, 'B': 1}, '2': {'A': 1, 'B': 1}}
2	139722427	139723602	cn={'1': {'A': 1, 'B': 0}, '2': {'A': 1, 'B': 0}}
2	139723603	140299999	cn={'1': {'A': 1, 'B': 1}, '2': {'A': 1, 'B': 1}}
2	140300000	140317269	cn={'1': {'A': 1, 'B': 1}, '2': {'A': 1, 'B': 1}}
2	140317270	140342383	cn={'1': {'A': 1, 'B': 0}, '2': {'A': 1, 'B': 0}}
2	140342384	140349999	cn={'1': {'A': 1, 'B': 1}, '2': {'A': 1, 'B': 1}}
2	140350000	140599999	cn={'1': {'A': 1, 'B': 1}, '2': {'A': 1, 'B': 1}}
2	140600000	140616901	cn={'1': {'A': 1, 'B': 1}, '2': {'A': 1, 'B': 1}}
2	140616902	141419745	cn={'1': {'A': 1, 'B': 0}, '2': {'A': 1, 'B': 0}}
2	141419746	141449999	cn={'1': {'A': 1, 'B': 1}, '2': {'A': 1, 'B': 1}}
2	141450000	141549999	cn={'1': {'A': 1, 'B': 1}, '2': {'A': 1, 'B': 1}}
2	141550000	141558723	cn={'1': {'A': 1, 'B': 1}, '2': {'A': 1, 'B': 1}}
2	141558724	141599999	cn={'1': {'A': 0, 'B': 1}, '2': {'A': 0, 'B': 1}}
2	141600000	141741481	cn={'1': {'A': 0, 'B': 1}, '2': {'A': 0, 'B': 1}}
2	141741482	141748848	cn={'1': {'A': 0, 'B': 0}, '2': {'A': 0, 'B': 0}}
2	141748849	141797913	cn={'1': {'A': 1, 'B': 0}, '2': {'A': 1, 'B': 0}}
2	141797914	141799999	cn={'1': {'A': 1, 'B': 0}, '2': {'A': 1, 'B': 0}}
2	141800000	143390543	cn={'1': {'A': 1, 'B': 0}, '2': {'A': 1, 'B': 0}}
2	143390544	143399999	cn={'1': {'A': 1, 'B': 1}, '2': {'A': 1, 'B': 1}}
2	143400000	144007349	cn={'1': {'A': 1, 'B': 1}, '2': {'A': 1, 'B': 1}}
2	144007350	144008017	cn={'1': {'A': 1, 'B': 1}, '2': {'A': 1, 'B': 1}}
2	144008018	144349999	cn={'1': {'A': 1, 'B': 1}, '2': {'A': 1, 'B': 1}}
2	144350000	144366526	cn={'1': {'A': 1, 'B': 1}, '2': {'A': 1, 'B': 1}}
2	144366527	144399999	cn={'1': {'A': 1, 'B': 1}, '2': {'A': 2, 'B': 1}}
2	144400000	147049999	cn={'1': {'A': 1, 'B': 1}, '2': {'A': 2, 'B': 1}}
2	147050000	147053167	cn={'1': {'A': 1, 'B': 1}, '2': {'A': 2, 'B': 1}}
2	147053168	171765000	cn={'1': {'A': 1, 'B': 1}, '2': {'A': 1, 'B': 1}}
2	171765001	171765175	cn={'1': {'A': 1, 'B': 1}, '2': {'A': 1, 'B': 1}}
2	171765176	171829721	cn={'1': {'A': 1, 'B': 1}, '2': {'A': 1, 'B': 1}}
2	171829722	176065522	cn={'1': {'A': 1, 'B': 1}, '2': {'A': 1, 'B': 1}}
2	176065523	176068238	cn={'1': {'A': 1, 'B': 1}, '2': {'A': 1, 'B': 1}}
2	176068239	181412142	cn={'1': {'A': 1, 'B': 1}, '2': {'A': 1, 'B': 1}}
2	181412143	181412431	cn={'1': {'A': 1, 'B': 1}, '2': {'A': 1, 'B': 1}}
2	181412432	191899689	cn={'1': {'A': 1, 'B': 1}, '2': {'A': 1, 'B': 1}}
2	191899690	191924999	cn={'1': {'A': 1, 'B': 1}, '2': {'A': 1, 'B': 1}}
2	191925000	192017044	cn={'1': {'A': 1, 'B': 1}, '2': {'A': 1, 'B': 1}}
2	192017045	192017658	cn={'1': {'A': 1, 'B': 0}, '2': {'A': 1, 'B': 1}}
2	192017659	192049209	cn={'1': {'A': 1, 'B': 1}, '2': {'A': 1, 'B': 1}}
2	192049210	192049999	cn={'1': {'A': 1, 'B': 0}, '2': {'A': 1, 'B': 0}}
2	192050000	192385348	cn={'1': {'A': 1, 'B': 0}, '2': {'A': 1, 'B': 0}}
2	192385349	192388262	cn={'1': {'A': 2, 'B': 0}, '2': {'A': 3, 'B': 0}}
2	192388263	192388432	cn={'1': {'A': 1, 'B': 0}, '2': {'A': 1, 'B': 0}}
2	192388433	192399999	cn={'1': {'A': 1, 'B': 1}, '2': {'A': 1, 'B': 1}}
2	192400000	192449999	cn={'1': {'A': 1, 'B': 1}, '2': {'A': 1, 'B': 1}}
2	192450000	192473325	cn={'1': {'A': 1, 'B': 1}, '2': {'A': 1, 'B': 1}}
2	192473326	192475214	cn={'1': {'A': 1, 'B': 1}, '2': {'A': 1, 'B': 1}}
2	192475215	192499999	cn={'1': {'A': 1, 'B': 1}, '2': {'A': 1, 'B': 1}}
2	192500000	192546583	cn={'1': {'A': 1, 'B': 1}, '2': {'A': 1, 'B': 1}}
2	192546584	192549999	cn={'1': {'A': 1, 'B': 0}, '2': {'A': 1, 'B': 0}}
2	192550000	192649999	cn={'1': {'A': 1, 'B': 0}, '2': {'A': 1, 'B': 0}}
2	192650000	192659467	cn={'1': {'A': 1, 'B': 0}, '2': {'A': 1, 'B': 0}}
2	192659468	192674171	cn={'1': {'A': 1, 'B': 0}, '2': {'A': 1, 'B': 0}}
2	192674172	192674294	cn={'1': {'A': 1, 'B': 0}, '2': {'A': 1, 'B': 0}}
2	192674295	192674637	cn={'1': {'A': 1, 'B': 1}, '2': {'A': 1, 'B': 1}}
2	192674638	193199999	cn={'1': {'A': 1, 'B': 2}, '2': {'A': 1, 'B': 1}}
2	193200000	193203755	cn={'1': {'A': 1, 'B': 2}, '2': {'A': 1, 'B': 1}}
2	193203756	193203826	cn={'1': {'A': 1, 'B': 1}, '2': {'A': 1, 'B': 0}}
2	193203827	195166722	cn={'1': {'A': 1, 'B': 2}, '2': {'A': 1, 'B': 2}}
2	195166723	195167115	cn={'1': {'A': 1, 'B': 2}, '2': {'A': 1, 'B': 2}}
2	195167116	198365698	cn={'1': {'A': 1, 'B': 2}, '2': {'A': 1, 'B': 2}}
2	198365699	198366053	cn={'1': {'A': 1, 'B': 1}, '2': {'A': 1, 'B': 1}}
2	198366054	198366231	cn={'1': {'A': 1, 'B': 2}, '2': {'A': 1, 'B': 1}}
2	198366232	198399999	cn={'1': {'A': 1, 'B': 1}, '2': {'A': 1, 'B': 1}}
2	198400000	198593334	cn={'1': {'A': 1, 'B': 1}, '2': {'A': 1, 'B': 1}}
2	198593335	198594313	cn={'1': {'A': 0, 'B': 1}, '2': {'A': 0, 'B': 1}}
2	198594314	198602401	cn={'1': {'A': 1, 'B': 1}, '2': {'A': 1, 'B': 1}}
2	198602402	198618677	cn={'1': {'A': 0, 'B': 1}, '2': {'A': 0, 'B': 1}}
2	198618678	198748929	cn={'1': {'A': 0, 'B': 1}, '2': {'A': 0, 'B': 1}}
2	198748930	198749999	cn={'1': {'A': 0, 'B': 0}, '2': {'A': 0, 'B': 0}}
2	198750000	198758345	cn={'1': {'A': 0, 'B': 0}, '2': {'A': 0, 'B': 0}}
2	198758346	198790970	cn={'1': {'A': 0, 'B': 1}, '2': {'A': 0, 'B': 1}}
2	198790971	198942266	cn={'1': {'A': 0, 'B': 1}, '2': {'A': 0, 'B': 1}}
2	198942267	198949999	cn={'1': {'A': 1, 'B': 1}, '2': {'A': 1, 'B': 1}}
2	198950000	199149999	cn={'1': {'A': 1, 'B': 1}, '2': {'A': 1, 'B': 1}}
2	199150000	199158231	cn={'1': {'A': 1, 'B': 1}, '2': {'A': 1, 'B': 1}}
2	199158232	199499999	cn={'1': {'A': 0, 'B': 1}, '2': {'A': 0, 'B': 1}}
2	199500000	199500840	cn={'1': {'A': 0, 'B': 1}, '2': {'A': 0, 'B': 1}}
2	199500841	199549999	cn={'1': {'A': 1, 'B': 1}, '2': {'A': 1, 'B': 1}}
2	199550000	199554341	cn={'1': {'A': 1, 'B': 1}, '2': {'A': 1, 'B': 1}}
2	199554342	199737831	cn={'1': {'A': 0, 'B': 1}, '2': {'A': 0, 'B': 1}}
2	199737832	200933011	cn={'1': {'A': 0, 'B': 1}, '2': {'A': 0, 'B': 1}}
2	200933012	200949999	cn={'1': {'A': 1, 'B': 1}, '2': {'A': 1, 'B': 1}}
2	200950000	206014972	cn={'1': {'A': 1, 'B': 1}, '2': {'A': 1, 'B': 1}}
2	206014973	206018189	cn={'1': {'A': 1, 'B': 1}, '2': {'A': 1, 'B': 1}}
2	206018190	206099999	cn={'1': {'A': 1, 'B': 1}, '2': {'A': 1, 'B': 1}}
2	206100000	206174999	cn={'1': {'A': 1, 'B': 1}, '2': {'A': 1, 'B': 1}}
2	206175000	211622448	cn={'1': {'A': 1, 'B': 1}, '2': {'A': 1, 'B': 1}}
2	211622449	211625522	cn={'1': {'A': 1, 'B': 1}, '2': {'A': 1, 'B': 1}}
2	211625523	217353874	cn={'1': {'A': 1, 'B': 1}, '2': {'A': 1, 'B': 1}}
2	217353875	217355263	cn={'1': {'A': 1, 'B': 1}, '2': {'A': 1, 'B': 1}}
2	217355264	219149999	cn={'1': {'A': 1, 'B': 1}, '2': {'A': 1, 'B': 1}}
2	219150000	219199999	cn={'1': {'A': 1, 'B': 1}, '2': {'A': 1, 'B': 1}}
2	219200000	225722648	cn={'1': {'A': 1, 'B': 1}, '2': {'A': 1, 'B': 1}}
2	225722649	225723271	cn={'1': {'A': 1, 'B': 1}, '2': {'A': 1, 'B': 1}}
2	225723272	225723367	cn={'1': {'A': 1, 'B': 1}, '2': {'A': 1, 'B': 1}}
2	225723368	226970839	cn={'1': {'A': 1, 'B': 1}, '2': {'A': 1, 'B': 1}}
2	226970840	226971270	cn={'1': {'A': 1, 'B': 1}, '2': {'A': 1, 'B': 1}}
2	226971271	236699999	cn={'1': {'A': 1, 'B': 1}, '2': {'A': 1, 'B': 1}}
2	236700000	236749999	cn={'1': {'A': 1, 'B': 1}, '2': {'A': 1, 'B': 1}}
2	236750000	237099813	cn={'1': {'A': 1, 'B': 1}, '2': {'A': 1, 'B': 1}}
2	237099814	237101073	cn={'1': {'A': 1, 'B': 1}, '2': {'A': 1, 'B': 1}}
2	237101074	239424999	cn={'1': {'A': 1, 'B': 1}, '2': {'A': 1, 'B': 1}}
2	239425000	239465582	cn={'1': {'A': 1, 'B': 1}, '2': {'A': 1, 'B': 1}}
2	239465583	239499999	cn={'1': {'A': 1, 'B': 1}, '2': {'A': 0, 'B': 1}}
2	239500000	239649999	cn={'1': {'A': 1, 'B': 1}, '2': {'A': 0, 'B': 1}}
2	239650000	239699999	cn={'1': {'A': 1, 'B': 1}, '2': {'A': 0, 'B': 1}}
2	239700000	241749999	cn={'1': {'A': 1, 'B': 1}, '2': {'A': 0, 'B': 1}}
2	241750000	241849999	cn={'1': {'A': 1, 'B': 1}, '2': {'A': 0, 'B': 1}}
2	241850000	243049999	cn={'1': {'A': 1, 'B': 1}, '2': {'A': 0, 'B': 1}}
2	243050000	243199372	cn={'1': {'A': 1, 'B': 1}, '2': {'A': 0, 'B': 1}}
20	50000	4676743	cn={'1': {'A': 1, 'B': 1}, '2': {'A': 1, 'B': 1}}
20	4676744	4679647	cn={'1': {'A': 1, 'B': 1}, '2': {'A': 1, 'B': 1}}
20	4679648	14913864	cn={'1': {'A': 1, 'B': 1}, '2': {'A': 1, 'B': 1}}
20	14913865	14914961	cn={'1': {'A': 1, 'B': 1}, '2': {'A': 1, 'B': 1}}
20	14914962	19812291	cn={'1': {'A': 1, 'B': 1}, '2': {'A': 1, 'B': 1}}
20	19812292	19814148	cn={'1': {'A': 1, 'B': 1}, '2': {'A': 1, 'B': 1}}
20	19814149	21849999	cn={'1': {'A': 1, 'B': 1}, '2': {'A': 1, 'B': 1}}
20	21850000	21894192	cn={'1': {'A': 1, 'B': 1}, '2': {'A': 1, 'B': 1}}
20	21894193	21949999	cn={'1': {'A': 1, 'B': 1}, '2': {'A': 1, 'B': 1}}
20	21950000	21965240	cn={'1': {'A': 1, 'B': 1}, '2': {'A': 1, 'B': 1}}
20	21965241	29749999	cn={'1': {'A': 1, 'B': 1}, '2': {'A': 1, 'B': 1}}
20	29750000	29849999	cn={'1': {'A': 1, 'B': 1}, '2': {'A': 1, 'B': 1}}
20	29850000	32849999	cn={'1': {'A': 1, 'B': 1}, '2': {'A': 1, 'B': 1}}
20	32850000	32899999	cn={'1': {'A': 1, 'B': 1}, '2': {'A': 1, 'B': 1}}
20	32900000	34799999	cn={'1': {'A': 1, 'B': 1}, '2': {'A': 1, 'B': 1}}
20	34800000	34804220	cn={'1': {'A': 1, 'B': 1}, '2': {'A': 1, 'B': 1}}
20	34804221	34889811	cn={'1': {'A': 1, 'B': 2}, '2': {'A': 1, 'B': 2}}
20	34889812	34924999	cn={'1': {'A': 1, 'B': 1}, '2': {'A': 1, 'B': 1}}
20	34925000	43599999	cn={'1': {'A': 1, 'B': 1}, '2': {'A': 1, 'B': 1}}
20	43600000	43649999	cn={'1': {'A': 1, 'B': 1}, '2': {'A': 1, 'B': 1}}
20	43650000	44186611	cn={'1': {'A': 1, 'B': 1}, '2': {'A': 1, 'B': 1}}
20	44186612	44189322	cn={'1': {'A': 1, 'B': 1}, '2': {'A': 1, 'B': 1}}
20	44189323	45539180	cn={'1': {'A': 1, 'B': 1}, '2': {'A': 1, 'B': 1}}
20	45539181	48559297	cn={'1': {'A': 1, 'B': 1}, '2': {'A': 1, 'B': 1}}
20	48559298	49599999	cn={'1': {'A': 1, 'B': 1}, '2': {'A': 1, 'B': 1}}
20	49600000	49621503	cn={'1': {'A': 1, 'B': 1}, '2': {'A': 1, 'B': 1}}
20	49621504	49649999	cn={'1': {'A': 1, 'B': 2}, '2': {'A': 1, 'B': 2}}
20	49650000	51405956	cn={'1': {'A': 1, 'B': 2}, '2': {'A': 1, 'B': 2}}
20	51405957	53565439	cn={'1': {'A': 1, 'B': 2}, '2': {'A': 1, 'B': 2}}
20	53565440	53566061	cn={'1': {'A': 1, 'B': 2}, '2': {'A': 1, 'B': 2}}
20	53566062	53566424	cn={'1': {'A': 1, 'B': 2}, '2': {'A': 1, 'B': 2}}
20	53566425	53567172	cn={'1': {'A': 1, 'B': 2}, '2': {'A': 1, 'B': 2}}
20	53567173	62899999	cn={'1': {'A': 1, 'B': 2}, '2': {'A': 1, 'B': 2}}
20	62900000	62999999	cn={'1': {'A': 1, 'B': 2}, '2': {'A': 1, 'B': 2}}
21	9400000	9599999	cn={'1': {'A': 1, 'B': 1}, '2': {'A': 1, 'B': 1}}
21	9600000	9649999	cn={'1': {'A': 1, 'B': 1}, '2': {'A': 1, 'B': 1}}
21	9650000	10049999	cn={'1': {'A': 1, 'B': 1}, '2': {'A': 1, 'B': 1}}
21	10050000	10099999	cn={'1': {'A': 1, 'B': 1}, '2': {'A': 1, 'B': 1}}
21	10100000	10149999	cn={'1': {'A': 1, 'B': 1}, '2': {'A': 1, 'B': 1}}
21	10150000	10299999	cn={'1': {'A': 1, 'B': 1}, '2': {'A': 1, 'B': 1}}
21	10300000	10649999	cn={'1': {'A': 1, 'B': 1}, '2': {'A': 1, 'B': 1}}
21	10650000	10849999	cn={'1': {'A': 1, 'B': 1}, '2': {'A': 1, 'B': 1}}
21	10850000	15024999	cn={'1': {'A': 1, 'B': 1}, '2': {'A': 1, 'B': 1}}
21	15025000	15124999	cn={'1': {'A': 1, 'B': 1}, '2': {'A': 1, 'B': 1}}
21	15125000	15620431	cn={'1': {'A': 1, 'B': 1}, '2': {'A': 1, 'B': 1}}
21	15620432	15621049	cn={'1': {'A': 1, 'B': 1}, '2': {'A': 1, 'B': 1}}
21	15621050	21545132	cn={'1': {'A': 1, 'B': 1}, '2': {'A': 1, 'B': 1}}
21	21545133	21549999	cn={'1': {'A': 0, 'B': 1}, '2': {'A': 0, 'B': 1}}
21	21550000	21894221	cn={'1': {'A': 0, 'B': 1}, '2': {'A': 0, 'B': 1}}
21	21894222	21896114	cn={'1': {'A': 1, 'B': 1}, '2': {'A': 1, 'B': 1}}
21	21896115	21896312	cn={'1': {'A': 0, 'B': 1}, '2': {'A': 0, 'B': 1}}
21	21896313	21899999	cn={'1': {'A': 1, 'B': 1}, '2': {'A': 1, 'B': 1}}
21	21900000	40899999	cn={'1': {'A': 1, 'B': 1}, '2': {'A': 1, 'B': 1}}
21	40900000	40909296	cn={'1': {'A': 1, 'B': 1}, '2': {'A': 1, 'B': 1}}
21	40909297	40999999	cn={'1': {'A': 1, 'B': 0}, '2': {'A': 1, 'B': 0}}
21	41000000	41006880	cn={'1': {'A': 1, 'B': 0}, '2': {'A': 1, 'B': 0}}
21	41006881	41849999	cn={'1': {'A': 1, 'B': 1}, '2': {'A': 1, 'B': 1}}
21	41850000	41899999	cn={'1': {'A': 1, 'B': 1}, '2': {'A': 1, 'B': 1}}
21	41900000	42799999	cn={'1': {'A': 1, 'B': 1}, '2': {'A': 1, 'B': 1}}
21	42800000	42836476	cn={'1': {'A': 1, 'B': 1}, '2': {'A': 1, 'B': 1}}
21	42836477	42892415	cn={'1': {'A': 0, 'B': 1}, '2': {'A': 0, 'B': 1}}
21	42892416	42899999	cn={'1': {'A': 1, 'B': 1}, '2': {'A': 1, 'B': 1}}
21	42900000	45899999	cn={'1': {'A': 1, 'B': 1}, '2': {'A': 1, 'B': 1}}
21	45900000	45949999	cn={'1': {'A': 1, 'B': 1}, '2': {'A': 1, 'B': 1}}
21	45950000	48099999	cn={'1': {'A': 1, 'B': 1}, '2': {'A': 1, 'B': 1}}
21	48100000	48129894	cn={'1': {'A': 1, 'B': 1}, '2': {'A': 1, 'B': 1}}
22	16050000	20649999	cn={'1': {'A': 1, 'B': 1}, '2': {'A': 1, 'B': 1}}
22	20650000	20699999	cn={'1': {'A': 1, 'B': 1}, '2': {'A': 1, 'B': 1}}
22	20700000	21352330	cn={'1': {'A': 1, 'B': 1}, '2': {'A': 1, 'B': 1}}
22	21352331	21369252	cn={'1': {'A': 1, 'B': 1}, '2': {'A': 1, 'B': 1}}
22	21369253	23749999	cn={'1': {'A': 1, 'B': 1}, '2': {'A': 1, 'B': 1}}
22	23750000	23799999	cn={'1': {'A': 1, 'B': 1}, '2': {'A': 1, 'B': 1}}
22	23800000	32499999	cn={'1': {'A': 1, 'B': 1}, '2': {'A': 1, 'B': 1}}
22	32500000	32549999	cn={'1': {'A': 1, 'B': 1}, '2': {'A': 1, 'B': 1}}
22	32550000	35865072	cn={'1': {'A': 1, 'B': 1}, '2': {'A': 1, 'B': 1}}
22	35865073	35865769	cn={'1': {'A': 1, 'B': 1}, '2': {'A': 1, 'B': 1}}
22	35865770	38049999	cn={'1': {'A': 1, 'B': 1}, '2': {'A': 1, 'B': 1}}
22	38050000	38099999	cn={'1': {'A': 1, 'B': 1}, '2': {'A': 1, 'B': 1}}
22	38100000	42974261	cn={'1': {'A': 1, 'B': 1}, '2': {'A': 1, 'B': 1}}
22	42974262	42976874	cn={'1': {'A': 1, 'B': 1}, '2': {'A': 1, 'B': 1}}
22	42976875	44795233	cn={'1': {'A': 1, 'B': 1}, '2': {'A': 1, 'B': 1}}
22	44795234	51199999	cn={'1': {'A': 1, 'B': 1}, '2': {'A': 1, 'B': 1}}
22	51200000	51249999	cn={'1': {'A': 1, 'B': 1}, '2': {'A': 1, 'B': 1}}
3	50000	99999	cn={'1': {'A': 1, 'B': 1}, '2': {'A': 1, 'B': 1}}
3	100000	1548203	cn={'1': {'A': 1, 'B': 1}, '2': {'A': 1, 'B': 1}}
3	1548204	1550718	cn={'1': {'A': 1, 'B': 1}, '2': {'A': 1, 'B': 1}}
3	1550719	1554095	cn={'1': {'A': 1, 'B': 1}, '2': {'A': 1, 'B': 1}}
3	1554096	1555207	cn={'1': {'A': 1, 'B': 1}, '2': {'A': 1, 'B': 1}}
3	1555208	12824651	cn={'1': {'A': 1, 'B': 1}, '2': {'A': 1, 'B': 1}}
3	12824652	12825454	cn={'1': {'A': 1, 'B': 1}, '2': {'A': 1, 'B': 1}}
3	12825455	16399999	cn={'1': {'A': 1, 'B': 1}, '2': {'A': 1, 'B': 1}}
3	16400000	16449999	cn={'1': {'A': 1, 'B': 1}, '2': {'A': 1, 'B': 1}}
3	16450000	32649999	cn={'1': {'A': 1, 'B': 1}, '2': {'A': 1, 'B': 1}}
3	32650000	32699999	cn={'1': {'A': 1, 'B': 1}, '2': {'A': 1, 'B': 1}}
3	32700000	32849999	cn={'1': {'A': 1, 'B': 1}, '2': {'A': 1, 'B': 1}}
3	32850000	32899999	cn={'1': {'A': 1, 'B': 1}, '2': {'A': 1, 'B': 1}}
3	32900000	33374999	cn={'1': {'A': 1, 'B': 1}, '2': {'A': 1, 'B': 1}}
3	33375000	33449999	cn={'1': {'A': 1, 'B': 1}, '2': {'A': 1, 'B': 1}}
3	33450000	34061493	cn={'1': {'A': 1, 'B': 1}, '2': {'A': 1, 'B': 1}}
3	34061494	59049999	cn={'1': {'A': 1, 'B': 1}, '2': {'A': 1, 'B': 1}}
3	59050000	59052337	cn={'1': {'A': 1, 'B': 1}, '2': {'A': 1, 'B': 1}}
3	59052338	59649999	cn={'1': {'A': 2, 'B': 1}, '2': {'A': 2, 'B': 1}}
3	59650000	59653689	cn={'1': {'A': 2, 'B': 1}, '2': {'A': 2, 'B': 1}}
3	59653690	66449999	cn={'1': {'A': 1, 'B': 1}, '2': {'A': 1, 'B': 1}}
3	66450000	66524999	cn={'1': {'A': 1, 'B': 1}, '2': {'A': 1, 'B': 1}}
3	66525000	72795735	cn={'1': {'A': 1, 'B': 1}, '2': {'A': 1, 'B': 1}}
3	72795736	72796197	cn={'1': {'A': 1, 'B': 1}, '2': {'A': 1, 'B': 1}}
3	72796198	73599999	cn={'1': {'A': 1, 'B': 1}, '2': {'A': 1, 'B': 1}}
3	73600000	73649999	cn={'1': {'A': 1, 'B': 1}, '2': {'A': 1, 'B': 1}}
3	73650000	80899999	cn={'1': {'A': 1, 'B': 1}, '2': {'A': 1, 'B': 1}}
3	80900000	80949999	cn={'1': {'A': 1, 'B': 1}, '2': {'A': 1, 'B': 1}}
3	80950000	82454562	cn={'1': {'A': 1, 'B': 1}, '2': {'A': 1, 'B': 1}}
3	82454563	100736207	cn={'1': {'A': 1, 'B': 1}, '2': {'A': 1, 'B': 1}}
3	100736208	100737161	cn={'1': {'A': 1, 'B': 1}, '2': {'A': 1, 'B': 1}}
3	100737162	108249999	cn={'1': {'A': 1, 'B': 1}, '2': {'A': 1, 'B': 1}}
3	108250000	108299999	cn={'1': {'A': 1, 'B': 1}, '2': {'A': 1, 'B': 1}}
3	108300000	112299999	cn={'1': {'A': 1, 'B': 1}, '2': {'A': 1, 'B': 1}}
3	112300000	113524677	cn={'1': {'A': 1, 'B': 1}, '2': {'A': 1, 'B': 1}}
3	113524678	113526882	cn={'1': {'A': 1, 'B': 1}, '2': {'A': 1, 'B': 1}}
3	113526883	114049411	cn={'1': {'A': 1, 'B': 1}, '2': {'A': 1, 'B': 1}}
3	114049412	114049999	cn={'1': {'A': 1, 'B': 0}, '2': {'A': 1, 'B': 0}}
3	114050000	114299999	cn={'1': {'A': 1, 'B': 0}, '2': {'A': 1, 'B': 0}}
3	114300000	114314975	cn={'1': {'A': 1, 'B': 0}, '2': {'A': 1, 'B': 0}}
3	114314976	114388359	cn={'1': {'A': 1, 'B': 2}, '2': {'A': 1, 'B': 1}}
3	114388360	114388413	cn={'1': {'A': 1, 'B': 1}, '2': {'A': 1, 'B': 1}}
3	114388414	114484374	cn={'1': {'A': 1, 'B': 2}, '2': {'A': 1, 'B': 1}}
3	114484375	114880291	cn={'1': {'A': 1, 'B': 2}, '2': {'A': 1, 'B': 1}}
3	114880292	114880360	cn={'1': {'A': 0, 'B': 2}, '2': {'A': 0, 'B': 1}}
3	114880361	126199999	cn={'1': {'A': 1, 'B': 2}, '2': {'A': 1, 'B': 1}}
3	126200000	126249999	cn={'1': {'A': 1, 'B': 2}, '2': {'A': 1, 'B': 1}}
3	126250000	128299999	cn={'1': {'A': 1, 'B': 2}, '2': {'A': 1, 'B': 1}}
3	128300000	128349999	cn={'1': {'A': 1, 'B': 2}, '2': {'A': 1, 'B': 1}}
3	128350000	144658037	cn={'1': {'A': 1, 'B': 2}, '2': {'A': 1, 'B': 1}}
3	144658038	144658407	cn={'1': {'A': 1, 'B': 2}, '2': {'A': 1, 'B': 1}}
3	144658408	149656102	cn={'1': {'A': 1, 'B': 2}, '2': {'A': 1, 'B': 1}}
3	149656103	149663009	cn={'1': {'A': 1, 'B': 2}, '2': {'A': 1, 'B': 1}}
3	149663010	156330141	cn={'1': {'A': 1, 'B': 2}, '2': {'A': 1, 'B': 1}}
3	156330142	156330946	cn={'1': {'A': 1, 'B': 2}, '2': {'A': 1, 'B': 1}}
3	156330947	167199999	cn={'1': {'A': 1, 'B': 2}, '2': {'A': 1, 'B': 1}}
3	167200000	169915588	cn={'1': {'A': 1, 'B': 2}, '2': {'A': 1, 'B': 1}}
3	169915589	169915948	cn={'1': {'A': 1, 'B': 1}, '2': {'A': 1, 'B': 1}}
3	169915949	179610762	cn={'1': {'A': 1, 'B': 2}, '2': {'A': 1, 'B': 1}}
3	179610763	179799999	cn={'1': {'A': 1, 'B': 2}, '2': {'A': 1, 'B': 1}}
3	179800000	179849999	cn={'1': {'A': 1, 'B': 2}, '2': {'A': 1, 'B': 1}}
3	179850000	185841354	cn={'1': {'A': 1, 'B': 2}, '2': {'A': 1, 'B': 1}}
3	185841355	187865219	cn={'1': {'A': 1, 'B': 1}, '2': {'A': 1, 'B': 1}}
3	187865220	187927168	cn={'1': {'A': 1, 'B': 1}, '2': {'A': 1, 'B': 1}}
3	187927169	196783915	cn={'1': {'A': 1, 'B': 1}, '2': {'A': 1, 'B': 1}}
3	196783916	196784397	cn={'1': {'A': 1, 'B': 1}, '2': {'A': 1, 'B': 1}}
3	196784398	197395999	cn={'1': {'A': 1, 'B': 1}, '2': {'A': 1, 'B': 1}}
3	197396000	197399542	cn={'1': {'A': 1, 'B': 1}, '2': {'A': 1, 'B': 1}}
3	197399543	197949999	cn={'1': {'A': 0, 'B': 1}, '2': {'A': 1, 'B': 1}}
3	197950000	197999999	cn={'1': {'A': 0, 'B': 1}, '2': {'A': 1, 'B': 1}}
4	0	49999	cn={'1': {'A': 2, 'B': 0}, '2': {'A': 2, 'B': 0}}
4	50000	99999	cn={'1': {'A': 2, 'B': 0}, '2': {'A': 2, 'B': 0}}
4	100000	1399999	cn={'1': {'A': 2, 'B': 0}, '2': {'A': 2, 'B': 0}}
4	1400000	1449999	cn={'1': {'A': 2, 'B': 0}, '2': {'A': 2, 'B': 0}}
4	1450000	3549999	cn={'1': {'A': 2, 'B': 0}, '2': {'A': 2, 'B': 0}}
4	3550000	3599999	cn={'1': {'A': 2, 'B': 0}, '2': {'A': 2, 'B': 0}}
4	3600000	8599999	cn={'1': {'A': 2, 'B': 0}, '2': {'A': 2, 'B': 0}}
4	8600000	8649999	cn={'1': {'A': 2, 'B': 0}, '2': {'A': 2, 'B': 0}}
4	8650000	9199999	cn={'1': {'A': 2, 'B': 0}, '2': {'A': 2, 'B': 0}}
4	9200000	9324999	cn={'1': {'A': 2, 'B': 0}, '2': {'A': 2, 'B': 0}}
4	9325000	9399999	cn={'1': {'A': 2, 'B': 0}, '2': {'A': 2, 'B': 0}}
4	9400000	9449999	cn={'1': {'A': 2, 'B': 0}, '2': {'A': 2, 'B': 0}}
4	9450000	9499999	cn={'1': {'A': 2, 'B': 0}, '2': {'A': 2, 'B': 0}}
4	9500000	10199999	cn={'1': {'A': 2, 'B': 0}, '2': {'A': 2, 'B': 0}}
4	10200000	10249999	cn={'1': {'A': 2, 'B': 0}, '2': {'A': 2, 'B': 0}}
4	10250000	12574999	cn={'1': {'A': 2, 'B': 0}, '2': {'A': 2, 'B': 0}}
4	12575000	12699999	cn={'1': {'A': 2, 'B': 0}, '2': {'A': 2, 'B': 0}}
4	12700000	17399999	cn={'1': {'A': 2, 'B': 0}, '2': {'A': 2, 'B': 0}}
4	17400000	17449999	cn={'1': {'A': 2, 'B': 0}, '2': {'A': 2, 'B': 0}}
4	17450000	22024999	cn={'1': {'A': 2, 'B': 0}, '2': {'A': 2, 'B': 0}}
4	22025000	22099999	cn={'1': {'A': 2, 'B': 0}, '2': {'A': 2, 'B': 0}}
4	22100000	22137844	cn={'1': {'A': 2, 'B': 0}, '2': {'A': 2, 'B': 0}}
4	22137845	22138155	cn={'1': {'A': 2, 'B': 0}, '2': {'A': 2, 'B': 0}}
4	22138156	22138301	cn={'1': {'A': 2, 'B': 0}, '2': {'A': 2, 'B': 0}}
4	22138302	22138905	cn={'1': {'A': 2, 'B': 2}, '2': {'A': 2, 'B': 2}}
4	22138906	23063852	cn={'1': {'A': 0, 'B': 2}, '2': {'A': 0, 'B': 2}}
4	23063853	23064335	cn={'1': {'A': 0, 'B': 2}, '2': {'A': 0, 'B': 2}}
4	23064336	23065489	cn={'1': {'A': 0, 'B': 2}, '2': {'A': 0, 'B': 2}}
4	23065490	23065491	cn={'1': {'A': 0, 'B': 2}, '2': {'A': 0, 'B': 2}}
4	23065492	27199999	cn={'1': {'A': 0, 'B': 2}, '2': {'A': 0, 'B': 2}}
4	27200000	27249999	cn={'1': {'A': 0, 'B': 2}, '2': {'A': 0, 'B': 2}}
4	27250000	29984760	cn={'1': {'A': 0, 'B': 2}, '2': {'A': 0, 'B': 2}}
4	29984761	29988307	cn={'1': {'A': 0, 'B': 2}, '2': {'A': 0, 'B': 2}}
4	29988308	31799999	cn={'1': {'A': 0, 'B': 2}, '2': {'A': 0, 'B': 2}}
4	31800000	31849999	cn={'1': {'A': 0, 'B': 2}, '2': {'A': 0, 'B': 2}}
4	31850000	32099999	cn={'1': {'A': 0, 'B': 2}, '2': {'A': 0, 'B': 2}}
4	32100000	32149999	cn={'1': {'A': 0, 'B': 2}, '2': {'A': 0, 'B': 2}}
4	32150000	34749999	cn={'1': {'A': 0, 'B': 2}, '2': {'A': 0, 'B': 2}}
4	34750000	34849999	cn={'1': {'A': 0, 'B': 2}, '2': {'A': 0, 'B': 2}}
4	34850000	35599999	cn={'1': {'A': 0, 'B': 2}, '2': {'A': 0, 'B': 2}}
4	35600000	35623713	cn={'1': {'A': 0, 'B': 2}, '2': {'A': 0, 'B': 2}}
4	35623714	35649999	cn={'1': {'A': 0, 'B': 2}, '2': {'A': 0, 'B': 1}}
4	35650000	36496923	cn={'1': {'A': 0, 'B': 2}, '2': {'A': 0, 'B': 1}}
4	36496924	36496987	cn={'1': {'A': 0, 'B': 1}, '2': {'A': 0, 'B': 1}}
4	36496988	36497413	cn={'1': {'A': 0, 'B': 3}, '2': {'A': 0, 'B': 1}}
4	36497414	36497874	cn={'1': {'A': 0, 'B': 2}, '2': {'A': 0, 'B': 1}}
4	36497875	37484538	cn={'1': {'A': 0, 'B': 1}, '2': {'A': 0, 'B': 1}}
4	37484539	37484831	cn={'1': {'A': 0, 'B': 1}, '2': {'A': 0, 'B': 1}}
4	37484832	40199999	cn={'1': {'A': 0, 'B': 2}, '2': {'A': 0, 'B': 1}}
4	40200000	40249999	cn={'1': {'A': 0, 'B': 2}, '2': {'A': 0, 'B': 1}}
4	40250000	42249999	cn={'1': {'A': 0, 'B': 2}, '2': {'A': 0, 'B': 1}}
4	42250000	43540906	cn={'1': {'A': 0, 'B': 2}, '2': {'A': 0, 'B': 1}}
4	43540907	49399999	cn={'1': {'A': 0, 'B': 1}, '2': {'A': 0, 'B': 1}}
4	49400000	49599999	cn={'1': {'A': 0, 'B': 1}, '2': {'A': 0, 'B': 1}}
4	49600000	51174999	cn={'1': {'A': 0, 'B': 1}, '2': {'A': 0, 'B': 1}}
4	51175000	72649999	cn={'1': {'A': 0, 'B': 1}, '2': {'A': 0, 'B': 1}}
4	72650000	72699999	cn={'1': {'A': 0, 'B': 1}, '2': {'A': 0, 'B': 1}}
4	72700000	80277702	cn={'1': {'A': 0, 'B': 1}, '2': {'A': 0, 'B': 1}}
4	80277703	80278988	cn={'1': {'A': 0, 'B': 1}, '2': {'A': 0, 'B': 1}}
4	80278989	87937502	cn={'1': {'A': 0, 'B': 1}, '2': {'A': 0, 'B': 1}}
4	87937503	87938055	cn={'1': {'A': 0, 'B': 1}, '2': {'A': 0, 'B': 1}}
4	87938056	88531240	cn={'1': {'A': 0, 'B': 1}, '2': {'A': 0, 'B': 1}}
4	88531241	88549999	cn={'1': {'A': 0, 'B': 2}, '2': {'A': 0, 'B': 2}}
4	88550000	89722251	cn={'1': {'A': 0, 'B': 2}, '2': {'A': 0, 'B': 2}}
4	89722252	89724967	cn={'1': {'A': 0, 'B': 2}, '2': {'A': 0, 'B': 2}}
4	89724968	95599999	cn={'1': {'A': 0, 'B': 2}, '2': {'A': 0, 'B': 2}}
4	95600000	95699999	cn={'1': {'A': 0, 'B': 2}, '2': {'A': 0, 'B': 2}}
4	95700000	96249951	cn={'1': {'A': 0, 'B': 2}, '2': {'A': 0, 'B': 2}}
4	96249952	101621657	cn={'1': {'A': 0, 'B': 2}, '2': {'A': 0, 'B': 2}}
4	101621658	101622224	cn={'1': {'A': 0, 'B': 2}, '2': {'A': 0, 'B': 2}}
4	101622225	105849999	cn={'1': {'A': 0, 'B': 2}, '2': {'A': 0, 'B': 2}}
4	105850000	105884082	cn={'1': {'A': 0, 'B': 2}, '2': {'A': 0, 'B': 2}}
4	105884083	105899999	cn={'1': {'A': 1, 'B': 2}, '2': {'A': 1, 'B': 2}}
4	105900000	132649999	cn={'1': {'A': 1, 'B': 2}, '2': {'A': 1, 'B': 2}}
4	132650000	132699999	cn={'1': {'A': 1, 'B': 2}, '2': {'A': 1, 'B': 2}}
4	132700000	141870243	cn={'1': {'A': 1, 'B': 2}, '2': {'A': 1, 'B': 2}}
4	141870244	141871461	cn={'1': {'A': 1, 'B': 2}, '2': {'A': 1, 'B': 2}}
4	141871462	155299999	cn={'1': {'A': 1, 'B': 2}, '2': {'A': 1, 'B': 2}}
4	155300000	155318184	cn={'1': {'A': 1, 'B': 2}, '2': {'A': 1, 'B': 2}}
4	155318185	155349999	cn={'1': {'A': 0, 'B': 2}, '2': {'A': 0, 'B': 2}}
4	155350000	162049999	cn={'1': {'A': 0, 'B': 2}, '2': {'A': 0, 'B': 2}}
4	162050000	162124999	cn={'1': {'A': 0, 'B': 2}, '2': {'A': 0, 'B': 2}}
4	162125000	166049999	cn={'1': {'A': 0, 'B': 2}, '2': {'A': 0, 'B': 2}}
4	166050000	166099999	cn={'1': {'A': 0, 'B': 2}, '2': {'A': 0, 'B': 2}}
4	166100000	166599999	cn={'1': {'A': 0, 'B': 2}, '2': {'A': 0, 'B': 2}}
4	166600000	166621554	cn={'1': {'A': 0, 'B': 2}, '2': {'A': 0, 'B': 2}}
4	166621555	166649999	cn={'1': {'A': 0, 'B': 2}, '2': {'A': 0, 'B': 1}}
4	166650000	167774999	cn={'1': {'A': 0, 'B': 2}, '2': {'A': 0, 'B': 1}}
4	167775000	167849999	cn={'1': {'A': 0, 'B': 2}, '2': {'A': 0, 'B': 1}}
4	167850000	167999999	cn={'1': {'A': 0, 'B': 2}, '2': {'A': 0, 'B': 1}}
4	168000000	168049999	cn={'1': {'A': 0, 'B': 2}, '2': {'A': 0, 'B': 1}}
4	168050000	168099999	cn={'1': {'A': 0, 'B': 2}, '2': {'A': 0, 'B': 1}}
4	168100000	168149999	cn={'1': {'A': 0, 'B': 2}, '2': {'A': 0, 'B': 1}}
4	168150000	171249999	cn={'1': {'A': 0, 'B': 2}, '2': {'A': 0, 'B': 1}}
4	171250000	171299999	cn={'1': {'A': 0, 'B': 2}, '2': {'A': 0, 'B': 1}}
4	171300000	171349999	cn={'1': {'A': 0, 'B': 2}, '2': {'A': 0, 'B': 1}}
4	171350000	171399999	cn={'1': {'A': 0, 'B': 2}, '2': {'A': 0, 'B': 1}}
4	171400000	172749999	cn={'1': {'A': 0, 'B': 2}, '2': {'A': 0, 'B': 1}}
4	172750000	172824999	cn={'1': {'A': 0, 'B': 2}, '2': {'A': 0, 'B': 1}}
4	172825000	186099999	cn={'1': {'A': 0, 'B': 2}, '2': {'A': 0, 'B': 1}}
4	186100000	186149999	cn={'1': {'A': 0, 'B': 2}, '2': {'A': 0, 'B': 1}}
4	186150000	190149999	cn={'1': {'A': 0, 'B': 2}, '2': {'A': 0, 'B': 1}}
4	190150000	190199999	cn={'1': {'A': 0, 'B': 2}, '2': {'A': 0, 'B': 1}}
4	190200000	190599999	cn={'1': {'A': 0, 'B': 2}, '2': {'A': 0, 'B': 1}}
4	190600000	190699999	cn={'1': {'A': 0, 'B': 2}, '2': {'A': 0, 'B': 1}}
4	190700000	190749999	cn={'1': {'A': 0, 'B': 2}, '2': {'A': 0, 'B': 1}}
4	190750000	190799999	cn={'1': {'A': 0, 'B': 2}, '2': {'A': 0, 'B': 1}}
4	190800000	190849999	cn={'1': {'A': 0, 'B': 2}, '2': {'A': 0, 'B': 1}}
4	190850000	191049999	cn={'1': {'A': 0, 'B': 2}, '2': {'A': 0, 'B': 1}}
5	0	3499999	cn={'1': {'A': 1, 'B': 1}, '2': {'A': 1, 'B': 1}}
5	3500000	3522875	cn={'1': {'A': 1, 'B': 1}, '2': {'A': 1, 'B': 1}}
5	3522876	3549999	cn={'1': {'A': 2, 'B': 1}, '2': {'A': 2, 'B': 1}}
5	3550000	10593111	cn={'1': {'A': 2, 'B': 1}, '2': {'A': 2, 'B': 1}}
5	10593112	10599999	cn={'1': {'A': 2, 'B': 1}, '2': {'A': 2, 'B': 0}}
5	10600000	11649999	cn={'1': {'A': 2, 'B': 1}, '2': {'A': 2, 'B': 0}}
5	11650000	11699999	cn={'1': {'A': 2, 'B': 1}, '2': {'A': 2, 'B': 0}}
5	11700000	14999999	cn={'1': {'A': 2, 'B': 1}, '2': {'A': 2, 'B': 0}}
5	15000000	15099999	cn={'1': {'A': 2, 'B': 1}, '2': {'A': 2, 'B': 0}}
5	15100000	15349999	cn={'1': {'A': 2, 'B': 1}, '2': {'A': 2, 'B': 0}}
5	15350000	15399999	cn={'1': {'A': 2, 'B': 1}, '2': {'A': 2, 'B': 0}}
5	15400000	15499999	cn={'1': {'A': 2, 'B': 1}, '2': {'A': 2, 'B': 0}}
5	15500000	15549999	cn={'1': {'A': 2, 'B': 1}, '2': {'A': 2, 'B': 0}}
5	15550000	17099999	cn={'1': {'A': 2, 'B': 1}, '2': {'A': 2, 'B': 0}}
5	17100000	17149999	cn={'1': {'A': 2, 'B': 1}, '2': {'A': 2, 'B': 0}}
5	17150000	17349999	cn={'1': {'A': 2, 'B': 1}, '2': {'A': 2, 'B': 0}}
5	17350000	17399999	cn={'1': {'A': 2, 'B': 1}, '2': {'A': 2, 'B': 0}}
5	17400000	17449999	cn={'1': {'A': 2, 'B': 1}, '2': {'A': 2, 'B': 0}}
5	17450000	17478319	cn={'1': {'A': 2, 'B': 1}, '2': {'A': 2, 'B': 0}}
5	17478320	21449999	cn={'1': {'A': 2, 'B': 1}, '2': {'A': 2, 'B': 1}}
5	21450000	21499999	cn={'1': {'A': 2, 'B': 1}, '2': {'A': 2, 'B': 1}}
5	21500000	22723415	cn={'1': {'A': 2, 'B': 1}, '2': {'A': 2, 'B': 1}}
5	22723416	22725165	cn={'1': {'A': 2, 'B': 1}, '2': {'A': 2, 'B': 1}}
5	22725166	30599999	cn={'1': {'A': 2, 'B': 1}, '2': {'A': 2, 'B': 1}}
5	30600000	30601947	cn={'1': {'A': 2, 'B': 1}, '2': {'A': 2, 'B': 1}}
5	30601948	30649999	cn={'1': {'A': 2, 'B': 1}, '2': {'A': 3, 'B': 1}}
5	30650000	30684764	cn={'1': {'A': 2, 'B': 1}, '2': {'A': 3, 'B': 1}}
5	30684765	33799999	cn={'1': {'A': 2, 'B': 1}, '2': {'A': 2, 'B': 1}}
5	33800000	33824956	cn={'1': {'A': 2, 'B': 1}, '2': {'A': 2, 'B': 1}}
5	33824957	33849999	cn={'1': {'A': 1, 'B': 1}, '2': {'A': 1, 'B': 1}}
5	33850000	35399999	cn={'1': {'A': 1, 'B': 1}, '2': {'A': 1, 'B': 1}}
5	35400000	35449999	cn={'1': {'A': 1, 'B': 1}, '2': {'A': 1, 'B': 1}}
5	35450000	40699999	cn={'1': {'A': 1, 'B': 1}, '2': {'A': 1, 'B': 1}}
5	40700000	40774999	cn={'1': {'A': 1, 'B': 1}, '2': {'A': 1, 'B': 1}}
5	40775000	44079055	cn={'1': {'A': 1, 'B': 1}, '2': {'A': 1, 'B': 1}}
5	44079056	44079409	cn={'1': {'A': 1, 'B': 1}, '2': {'A': 1, 'B': 1}}
5	44079410	45675435	cn={'1': {'A': 1, 'B': 1}, '2': {'A': 1, 'B': 1}}
5	45675436	45681598	cn={'1': {'A': 1, 'B': 1}, '2': {'A': 1, 'B': 1}}
5	45681599	45863188	cn={'1': {'A': 1, 'B': 1}, '2': {'A': 1, 'B': 1}}
5	45863189	45864463	cn={'1': {'A': 1, 'B': 1}, '2': {'A': 1, 'B': 1}}
5	45864464	46349999	cn={'1': {'A': 1, 'B': 1}, '2': {'A': 1, 'B': 1}}
5	46350000	46399999	cn={'1': {'A': 1, 'B': 1}, '2': {'A': 1, 'B': 1}}
5	46400000	47924999	cn={'1': {'A': 1, 'B': 1}, '2': {'A': 1, 'B': 1}}
5	47925000	49449999	cn={'1': {'A': 1, 'B': 1}, '2': {'A': 1, 'B': 1}}
5	49450000	49499999	cn={'1': {'A': 1, 'B': 1}, '2': {'A': 1, 'B': 1}}
5	49500000	67202208	cn={'1': {'A': 1, 'B': 1}, '2': {'A': 1, 'B': 1}}
5	67202209	68749999	cn={'1': {'A': 1, 'B': 1}, '2': {'A': 0, 'B': 1}}
5	68750000	68899999	cn={'1': {'A': 1, 'B': 1}, '2': {'A': 0, 'B': 1}}
5	68900000	69249999	cn={'1': {'A': 1, 'B': 1}, '2': {'A': 0, 'B': 1}}
5	69250000	69299999	cn={'1': {'A': 1, 'B': 1}, '2': {'A': 0, 'B': 1}}
5	69300000	69499999	cn={'1': {'A': 1, 'B': 1}, '2': {'A': 0, 'B': 1}}
5	69500000	69599999	cn={'1': {'A': 1, 'B': 1}, '2': {'A': 0, 'B': 1}}
5	69600000	69674999	cn={'1': {'A': 1, 'B': 1}, '2': {'A': 0, 'B': 1}}
5	69675000	69749999	cn={'1': {'A': 1, 'B': 1}, '2': {'A': 0, 'B': 1}}
5	69750000	69799999	cn={'1': {'A': 1, 'B': 1}, '2': {'A': 0, 'B': 1}}
5	69800000	69874999	cn={'1': {'A': 1, 'B': 1}, '2': {'A': 0, 'B': 1}}
5	69875000	70049999	cn={'1': {'A': 1, 'B': 1}, '2': {'A': 0, 'B': 1}}
5	70050000	70099999	cn={'1': {'A': 1, 'B': 1}, '2': {'A': 0, 'B': 1}}
5	70100000	70149999	cn={'1': {'A': 1, 'B': 1}, '2': {'A': 0, 'B': 1}}
5	70150000	70249999	cn={'1': {'A': 1, 'B': 1}, '2': {'A': 0, 'B': 1}}
5	70250000	70349999	cn={'1': {'A': 1, 'B': 1}, '2': {'A': 0, 'B': 1}}
5	70350000	70499999	cn={'1': {'A': 1, 'B': 1}, '2': {'A': 0, 'B': 1}}
5	70500000	70599999	cn={'1': {'A': 1, 'B': 1}, '2': {'A': 0, 'B': 1}}
5	70600000	71599999	cn={'1': {'A': 1, 'B': 1}, '2': {'A': 0, 'B': 1}}
5	71600000	71606926	cn={'1': {'A': 1, 'B': 1}, '2': {'A': 0, 'B': 1}}
5	71606927	81374187	cn={'1': {'A': 0, 'B': 1}, '2': {'A': 0, 'B': 1}}
5	81374188	81374922	cn={'1': {'A': 1, 'B': 1}, '2': {'A': 0, 'B': 1}}
5	81374923	81376901	cn={'1': {'A': 1, 'B': 1}, '2': {'A': 0, 'B': 1}}
5	81376902	81399999	cn={'1': {'A': 1, 'B': 1}, '2': {'A': 1, 'B': 1}}
5	81400000	82703779	cn={'1': {'A': 1, 'B': 1}, '2': {'A': 1, 'B': 1}}
5	82703780	82704628	cn={'1': {'A': 1, 'B': 1}, '2': {'A': 1, 'B': 1}}
5	82704629	83749999	cn={'1': {'A': 1, 'B': 1}, '2': {'A': 1, 'B': 1}}
5	83750000	83777340	cn={'1': {'A': 1, 'B': 1}, '2': {'A': 1, 'B': 1}}
5	83777341	84462117	cn={'1': {'A': 1, 'B': 0}, '2': {'A': 1, 'B': 0}}
5	84462118	84464094	cn={'1': {'A': 1, 'B': 0}, '2': {'A': 1, 'B': 0}}
5	84464095	101488439	cn={'1': {'A': 1, 'B': 0}, '2': {'A': 1, 'B': 0}}
5	101488440	101499999	cn={'1': {'A': 0, 'B': 0}, '2': {'A': 0, 'B': 0}}
5	101500000	101546397	cn={'1': {'A': 0, 'B': 0}, '2': {'A': 0, 'B': 0}}
5	101546398	101549999	cn={'1': {'A': 1, 'B': 0}, '2': {'A': 1, 'B': 0}}
5	101550000	109477850	cn={'1': {'A': 1, 'B': 0}, '2': {'A': 1, 'B': 0}}
5	109477851	109478257	cn={'1': {'A': 1, 'B': 0}, '2': {'A': 1, 'B': 0}}
5	109478258	116449999	cn={'1': {'A': 1, 'B': 0}, '2': {'A': 1, 'B': 0}}
5	116450000	120899999	cn={'1': {'A': 1, 'B': 0}, '2': {'A': 1, 'B': 0}}
5	120900000	127199999	cn={'1': {'A': 1, 'B': 0}, '2': {'A': 1, 'B': 0}}
5	127200000	127234249	cn={'1': {'A': 1, 'B': 0}, '2': {'A': 1, 'B': 0}}
5	127234250	127249999	cn={'1': {'A': 1, 'B': 1}, '2': {'A': 1, 'B': 1}}
5	127250000	130699999	cn={'1': {'A': 1, 'B': 1}, '2': {'A': 1, 'B': 1}}
5	130700000	130774999	cn={'1': {'A': 1, 'B': 1}, '2': {'A': 1, 'B': 1}}
5	130775000	133449999	cn={'1': {'A': 1, 'B': 1}, '2': {'A': 1, 'B': 1}}
5	133450000	133499999	cn={'1': {'A': 1, 'B': 1}, '2': {'A': 1, 'B': 1}}
5	133500000	135099999	cn={'1': {'A': 1, 'B': 1}, '2': {'A': 1, 'B': 1}}
5	135100000	135149999	cn={'1': {'A': 1, 'B': 1}, '2': {'A': 1, 'B': 1}}
5	135150000	141049999	cn={'1': {'A': 1, 'B': 1}, '2': {'A': 1, 'B': 1}}
5	141050000	141082948	cn={'1': {'A': 1, 'B': 1}, '2': {'A': 1, 'B': 1}}
5	141082949	141099999	cn={'1': {'A': 1, 'B': 1}, '2': {'A': 1, 'B': 2}}
5	141100000	143899999	cn={'1': {'A': 1, 'B': 1}, '2': {'A': 1, 'B': 2}}
5	143900000	143941756	cn={'1': {'A': 1, 'B': 1}, '2': {'A': 1, 'B': 2}}
5	143941757	143949999	cn={'1': {'A': 1, 'B': 1}, '2': {'A': 1, 'B': 1}}
5	143950000	143952063	cn={'1': {'A': 1, 'B': 1}, '2': {'A': 1, 'B': 1}}
5	143952064	147299999	cn={'1': {'A': 1, 'B': 1}, '2': {'A': 1, 'B': 2}}
5	147300000	147355836	cn={'1': {'A': 1, 'B': 1}, '2': {'A': 1, 'B': 2}}
5	147355837	147356920	cn={'1': {'A': 1, 'B': 1}, '2': {'A': 1, 'B': 2}}
5	147356921	147676279	cn={'1': {'A': 1, 'B': 1}, '2': {'A': 1, 'B': 2}}
5	147676280	147678259	cn={'1': {'A': 1, 'B': 2}, '2': {'A': 1, 'B': 2}}
5	147678260	147678951	cn={'1': {'A': 1, 'B': 2}, '2': {'A': 1, 'B': 2}}
5	147678952	149499999	cn={'1': {'A': 1, 'B': 1}, '2': {'A': 1, 'B': 2}}
5	149500000	150199999	cn={'1': {'A': 1, 'B': 1}, '2': {'A': 1, 'B': 2}}
5	150200000	150249999	cn={'1': {'A': 1, 'B': 1}, '2': {'A': 1, 'B': 2}}
5	150250000	150649999	cn={'1': {'A': 1, 'B': 1}, '2': {'A': 1, 'B': 2}}
5	150650000	150699999	cn={'1': {'A': 1, 'B': 1}, '2': {'A': 1, 'B': 2}}
5	150700000	150849999	cn={'1': {'A': 1, 'B': 1}, '2': {'A': 1, 'B': 2}}
5	150850000	150883383	cn={'1': {'A': 1, 'B': 1}, '2': {'A': 1, 'B': 2}}
5	150883384	150890224	cn={'1': {'A': 1, 'B': 1}, '2': {'A': 1, 'B': 1}}
5	150890225	150899999	cn={'1': {'A': 1, 'B': 1}, '2': {'A': 1, 'B': 2}}
5	150900000	150999999	cn={'1': {'A': 1, 'B': 1}, '2': {'A': 1, 'B': 2}}
5	151000000	151049999	cn={'1': {'A': 1, 'B': 1}, '2': {'A': 1, 'B': 2}}
5	151050000	151449999	cn={'1': {'A': 1, 'B': 1}, '2': {'A': 1, 'B': 2}}
5	151450000	152299999	cn={'1': {'A': 1, 'B': 1}, '2': {'A': 1, 'B': 2}}
5	152300000	152349999	cn={'1': {'A': 1, 'B': 1}, '2': {'A': 1, 'B': 2}}
5	152350000	152858911	cn={'1': {'A': 1, 'B': 1}, '2': {'A': 1, 'B': 2}}
5	152858912	157449999	cn={'1': {'A': 1, 'B': 1}, '2': {'A': 1, 'B': 2}}
5	157450000	157461684	cn={'1': {'A': 1, 'B': 1}, '2': {'A': 1, 'B': 2}}
5	157461685	157462314	cn={'1': {'A': 1, 'B': 1}, '2': {'A': 1, 'B': 2}}
5	157462315	157499999	cn={'1': {'A': 1, 'B': 1}, '2': {'A': 1, 'B': 2}}
5	157500000	159449999	cn={'1': {'A': 1, 'B': 1}, '2': {'A': 1, 'B': 2}}
5	159450000	159624999	cn={'1': {'A': 1, 'B': 1}, '2': {'A': 1, 'B': 2}}
5	159625000	165849999	cn={'1': {'A': 1, 'B': 1}, '2': {'A': 1, 'B': 2}}
5	165850000	165879392	cn={'1': {'A': 1, 'B': 1}, '2': {'A': 1, 'B': 2}}
5	165879393	165899999	cn={'1': {'A': 0, 'B': 1}, '2': {'A': 0, 'B': 2}}
5	165900000	166399999	cn={'1': {'A': 0, 'B': 1}, '2': {'A': 0, 'B': 2}}
5	166400000	166437087	cn={'1': {'A': 0, 'B': 1}, '2': {'A': 0, 'B': 2}}
5	166437088	166449999	cn={'1': {'A': 1, 'B': 1}, '2': {'A': 1, 'B': 2}}
5	166450000	166549999	cn={'1': {'A': 1, 'B': 1}, '2': {'A': 1, 'B': 2}}
5	166550000	166557584	cn={'1': {'A': 1, 'B': 1}, '2': {'A': 1, 'B': 2}}
5	166557585	167599999	cn={'1': {'A': 1, 'B': 0}, '2': {'A': 1, 'B': 1}}
5	167600000	167600440	cn={'1': {'A': 1, 'B': 0}, '2': {'A': 1, 'B': 1}}
5	167600441	177199999	cn={'1': {'A': 1, 'B': 1}, '2': {'A': 1, 'B': 2}}
5	177200000	177249999	cn={'1': {'A': 1, 'B': 1}, '2': {'A': 1, 'B': 2}}
5	177250000	177299999	cn={'1': {'A': 1, 'B': 1}, '2': {'A': 1, 'B': 2}}
5	177300000	177349999	cn={'1': {'A': 1, 'B': 1}, '2': {'A': 1, 'B': 2}}
5	177350000	180899999	cn={'1': {'A': 1, 'B': 1}, '2': {'A': 1, 'B': 2}}
5	180900000	180915259	cn={'1': {'A': 1, 'B': 1}, '2': {'A': 1, 'B': 2}}
6	200000	249999	cn={'1': {'A': 0, 'B': 1}, '2': {'A': 0, 'B': 2}}
6	250000	349999	cn={'1': {'A': 0, 'B': 1}, '2': {'A': 0, 'B': 2}}
6	350000	399999	cn={'1': {'A': 0, 'B': 1}, '2': {'A': 0, 'B': 2}}
6	400000	749999	cn={'1': {'A': 0, 'B': 1}, '2': {'A': 0, 'B': 2}}
6	750000	799999	cn={'1': {'A': 0, 'B': 1}, '2': {'A': 0, 'B': 2}}
6	800000	899999	cn={'1': {'A': 0, 'B': 1}, '2': {'A': 0, 'B': 2}}
6	900000	949999	cn={'1': {'A': 0, 'B': 1}, '2': {'A': 0, 'B': 2}}
6	950000	1049999	cn={'1': {'A': 0, 'B': 1}, '2': {'A': 0, 'B': 2}}
6	1050000	1099999	cn={'1': {'A': 0, 'B': 1}, '2': {'A': 0, 'B': 2}}
6	1100000	7604841	cn={'1': {'A': 0, 'B': 1}, '2': {'A': 0, 'B': 2}}
6	7604842	11499999	cn={'1': {'A': 1, 'B': 1}, '2': {'A': 1, 'B': 2}}
6	11500000	11549999	cn={'1': {'A': 1, 'B': 1}, '2': {'A': 1, 'B': 2}}
6	11550000	11899999	cn={'1': {'A': 1, 'B': 1}, '2': {'A': 1, 'B': 2}}
6	11900000	11949999	cn={'1': {'A': 1, 'B': 1}, '2': {'A': 1, 'B': 2}}
6	11950000	18049999	cn={'1': {'A': 1, 'B': 1}, '2': {'A': 1, 'B': 2}}
6	18050000	18099999	cn={'1': {'A': 1, 'B': 1}, '2': {'A': 1, 'B': 2}}
6	18100000	20880016	cn={'1': {'A': 1, 'B': 1}, '2': {'A': 1, 'B': 2}}
6	20880017	20880769	cn={'1': {'A': 1, 'B': 1}, '2': {'A': 1, 'B': 2}}
6	20880770	21549999	cn={'1': {'A': 1, 'B': 1}, '2': {'A': 1, 'B': 2}}
6	21550000	21599999	cn={'1': {'A': 1, 'B': 1}, '2': {'A': 1, 'B': 2}}
6	21600000	26749999	cn={'1': {'A': 1, 'B': 1}, '2': {'A': 1, 'B': 2}}
6	26750000	26799999	cn={'1': {'A': 1, 'B': 1}, '2': {'A': 1, 'B': 2}}
6	26800000	26899999	cn={'1': {'A': 1, 'B': 1}, '2': {'A': 1, 'B': 2}}
6	26900000	26949999	cn={'1': {'A': 1, 'B': 1}, '2': {'A': 1, 'B': 2}}
6	26950000	27399999	cn={'1': {'A': 1, 'B': 1}, '2': {'A': 1, 'B': 2}}
6	27400000	27499999	cn={'1': {'A': 1, 'B': 1}, '2': {'A': 1, 'B': 2}}
6	27500000	27549999	cn={'1': {'A': 1, 'B': 1}, '2': {'A': 1, 'B': 2}}
6	27550000	27599999	cn={'1': {'A': 1, 'B': 1}, '2': {'A': 1, 'B': 2}}
6	27600000	32449999	cn={'1': {'A': 1, 'B': 1}, '2': {'A': 1, 'B': 2}}
6	32450000	32549999	cn={'1': {'A': 1, 'B': 1}, '2': {'A': 1, 'B': 2}}
6	32550000	33482666	cn={'1': {'A': 1, 'B': 1}, '2': {'A': 1, 'B': 2}}
6	33482667	35799999	cn={'1': {'A': 1, 'B': 2}, '2': {'A': 1, 'B': 2}}
6	35800000	35849999	cn={'1': {'A': 1, 'B': 2}, '2': {'A': 1, 'B': 2}}
6	35850000	36599999	cn={'1': {'A': 1, 'B': 2}, '2': {'A': 1, 'B': 2}}
6	36600000	36618931	cn={'1': {'A': 1, 'B': 2}, '2': {'A': 1, 'B': 2}}
6	36618932	36649999	cn={'1': {'A': 1, 'B': 1}, '2': {'A': 1, 'B': 1}}
6	36650000	40949999	cn={'1': {'A': 1, 'B': 1}, '2': {'A': 1, 'B': 1}}
6	40950000	40999999	cn={'1': {'A': 1, 'B': 1}, '2': {'A': 1, 'B': 1}}
6	41000000	46249999	cn={'1': {'A': 1, 'B': 1}, '2': {'A': 1, 'B': 1}}
6	46250000	46299999	cn={'1': {'A': 1, 'B': 1}, '2': {'A': 1, 'B': 1}}
6	46300000	48109199	cn={'1': {'A': 1, 'B': 1}, '2': {'A': 1, 'B': 1}}
6	48109200	48110472	cn={'1': {'A': 1, 'B': 1}, '2': {'A': 1, 'B': 1}}
6	48110473	51531007	cn={'1': {'A': 1, 'B': 1}, '2': {'A': 1, 'B': 1}}
6	51531008	51531134	cn={'1': {'A': 1, 'B': 1}, '2': {'A': 1, 'B': 1}}
6	51531135	51531184	cn={'1': {'A': 1, 'B': 1}, '2': {'A': 1, 'B': 1}}
6	51531185	58749999	cn={'1': {'A': 1, 'B': 1}, '2': {'A': 1, 'B': 1}}
6	58750000	60324999	cn={'1': {'A': 1, 'B': 1}, '2': {'A': 1, 'B': 1}}
6	60325000	74299999	cn={'1': {'A': 1, 'B': 1}, '2': {'A': 1, 'B': 1}}
6	74300000	74349999	cn={'1': {'A': 1, 'B': 1}, '2': {'A': 1, 'B': 1}}
6	74350000	78245810	cn={'1': {'A': 1, 'B': 1}, '2': {'A': 1, 'B': 1}}
6	78245811	78247261	cn={'1': {'A': 1, 'B': 1}, '2': {'A': 1, 'B': 1}}
6	78247262	79787977	cn={'1': {'A': 1, 'B': 1}, '2': {'A': 1, 'B': 1}}
6	79787978	79799295	cn={'1': {'A': 1, 'B': 1}, '2': {'A': 1, 'B': 1}}
6	79799296	81037536	cn={'1': {'A': 1, 'B': 1}, '2': {'A': 1, 'B': 1}}
6	81037537	81049999	cn={'1': {'A': 1, 'B': 0}, '2': {'A': 1, 'B': 0}}
6	81050000	84232986	cn={'1': {'A': 1, 'B': 0}, '2': {'A': 1, 'B': 0}}
6	84232987	84249999	cn={'1': {'A': 1, 'B': 1}, '2': {'A': 1, 'B': 1}}
6	84250000	84349999	cn={'1': {'A': 1, 'B': 1}, '2': {'A': 1, 'B': 1}}
6	84350000	84353848	cn={'1': {'A': 1, 'B': 1}, '2': {'A': 1, 'B': 1}}
6	84353849	84780254	cn={'1': {'A': 0, 'B': 1}, '2': {'A': 0, 'B': 1}}
6	84780255	84799999	cn={'1': {'A': 1, 'B': 1}, '2': {'A': 1, 'B': 1}}
6	84800000	84999999	cn={'1': {'A': 1, 'B': 1}, '2': {'A': 1, 'B': 1}}
6	85000000	85005277	cn={'1': {'A': 1, 'B': 1}, '2': {'A': 1, 'B': 1}}
6	85005278	99845785	cn={'1': {'A': 0, 'B': 1}, '2': {'A': 0, 'B': 1}}
6	99845786	118032396	cn={'1': {'A': 0, 'B': 1}, '2': {'A': 0, 'B': 1}}
6	118032397	118124999	cn={'1': {'A': 1, 'B': 1}, '2': {'A': 1, 'B': 1}}
6	118125000	118349999	cn={'1': {'A': 1, 'B': 1}, '2': {'A': 1, 'B': 1}}
6	118350000	118372401	cn={'1': {'A': 1, 'B': 1}, '2': {'A': 1, 'B': 1}}
6	118372402	118399999	cn={'1': {'A': 2, 'B': 1}, '2': {'A': 2, 'B': 1}}
6	118400000	121949999	cn={'1': {'A': 2, 'B': 1}, '2': {'A': 2, 'B': 1}}
6	121950000	121973409	cn={'1': {'A': 2, 'B': 1}, '2': {'A': 2, 'B': 1}}
6	121973410	121997328	cn={'1': {'A': 2, 'B': 1}, '2': {'A': 1, 'B': 1}}
6	121997329	121999999	cn={'1': {'A': 2, 'B': 1}, '2': {'A': 2, 'B': 1}}
6	122000000	132658849	cn={'1': {'A': 2, 'B': 1}, '2': {'A': 2, 'B': 1}}
6	132658850	132659267	cn={'1': {'A': 2, 'B': 1}, '2': {'A': 2, 'B': 1}}
6	132659268	138549999	cn={'1': {'A': 2, 'B': 1}, '2': {'A': 2, 'B': 1}}
6	138550000	138562897	cn={'1': {'A': 2, 'B': 1}, '2': {'A': 2, 'B': 1}}
6	138562898	138595640	cn={'1': {'A': 2, 'B': 1}, '2': {'A': 1, 'B': 1}}
6	138595641	138599999	cn={'1': {'A': 2, 'B': 1}, '2': {'A': 2, 'B': 1}}
6	138600000	145996793	cn={'1': {'A': 2, 'B': 1}, '2': {'A': 2, 'B': 1}}
6	145996794	145997605	cn={'1': {'A': 2, 'B': 1}, '2': {'A': 2, 'B': 1}}
6	145997606	150099999	cn={'1': {'A': 2, 'B': 1}, '2': {'A': 2, 'B': 1}}
6	150100000	150103967	cn={'1': {'A': 2, 'B': 1}, '2': {'A': 2, 'B': 1}}
6	150103968	151428365	cn={'1': {'A': 1, 'B': 1}, '2': {'A': 1, 'B': 1}}
6	151428366	151436212	cn={'1': {'A': 1, 'B': 1}, '2': {'A': 1, 'B': 1}}
6	151436213	163703639	cn={'1': {'A': 1, 'B': 1}, '2': {'A': 1, 'B': 1}}
6	163703640	163704404	cn={'1': {'A': 1, 'B': 1}, '2': {'A': 1, 'B': 1}}
6	163704405	170949999	cn={'1': {'A': 1, 'B': 1}, '2': {'A': 1, 'B': 1}}
6	170950000	171099999	cn={'1': {'A': 1, 'B': 1}, '2': {'A': 1, 'B': 1}}
7	0	649999	cn={'1': {'A': 0, 'B': 1}, '2': {'A': 0, 'B': 1}}
7	650000	699999	cn={'1': {'A': 0, 'B': 1}, '2': {'A': 0, 'B': 1}}
7	700000	1249999	cn={'1': {'A': 0, 'B': 1}, '2': {'A': 0, 'B': 1}}
7	1250000	9584241	cn={'1': {'A': 0, 'B': 1}, '2': {'A': 0, 'B': 1}}
7	9584242	9599999	cn={'1': {'A': 1, 'B': 1}, '2': {'A': 1, 'B': 1}}
7	9600000	21580713	cn={'1': {'A': 1, 'B': 1}, '2': {'A': 1, 'B': 1}}
7	21580714	21588576	cn={'1': {'A': 1, 'B': 1}, '2': {'A': 1, 'B': 1}}
7	21588577	38299999	cn={'1': {'A': 1, 'B': 1}, '2': {'A': 1, 'B': 1}}
7	38300000	38349999	cn={'1': {'A': 1, 'B': 1}, '2': {'A': 1, 'B': 1}}
7	38350000	57099999	cn={'1': {'A': 1, 'B': 1}, '2': {'A': 1, 'B': 1}}
7	57100000	57149999	cn={'1': {'A': 1, 'B': 1}, '2': {'A': 1, 'B': 1}}
7	57150000	59549999	cn={'1': {'A': 1, 'B': 1}, '2': {'A': 1, 'B': 1}}
7	59550000	61099999	cn={'1': {'A': 1, 'B': 1}, '2': {'A': 1, 'B': 1}}
7	61100000	61199999	cn={'1': {'A': 1, 'B': 1}, '2': {'A': 1, 'B': 1}}
7	61200000	61324999	cn={'1': {'A': 1, 'B': 1}, '2': {'A': 1, 'B': 1}}
7	61325000	61399999	cn={'1': {'A': 1, 'B': 1}, '2': {'A': 1, 'B': 1}}
7	61400000	61599999	cn={'1': {'A': 1, 'B': 1}, '2': {'A': 1, 'B': 1}}
7	61600000	61849999	cn={'1': {'A': 1, 'B': 1}, '2': {'A': 1, 'B': 1}}
7	61850000	61949999	cn={'1': {'A': 1, 'B': 1}, '2': {'A': 1, 'B': 1}}
7	61950000	61999999	cn={'1': {'A': 1, 'B': 1}, '2': {'A': 1, 'B': 1}}
7	62000000	62049999	cn={'1': {'A': 1, 'B': 1}, '2': {'A': 1, 'B': 1}}
7	62050000	62199999	cn={'1': {'A': 1, 'B': 1}, '2': {'A': 1, 'B': 1}}
7	62200000	62249999	cn={'1': {'A': 1, 'B': 1}, '2': {'A': 1, 'B': 1}}
7	62250000	62499999	cn={'1': {'A': 1, 'B': 1}, '2': {'A': 1, 'B': 1}}
7	62500000	62549999	cn={'1': {'A': 1, 'B': 1}, '2': {'A': 1, 'B': 1}}
7	62550000	62949999	cn={'1': {'A': 1, 'B': 1}, '2': {'A': 1, 'B': 1}}
7	62950000	63099999	cn={'1': {'A': 1, 'B': 1}, '2': {'A': 1, 'B': 1}}
7	63100000	65199999	cn={'1': {'A': 1, 'B': 1}, '2': {'A': 1, 'B': 1}}
7	65200000	65221734	cn={'1': {'A': 1, 'B': 1}, '2': {'A': 1, 'B': 1}}
7	65221735	65249999	cn={'1': {'A': 1, 'B': 1}, '2': {'A': 0, 'B': 1}}
7	65250000	65348989	cn={'1': {'A': 1, 'B': 1}, '2': {'A': 0, 'B': 1}}
7	65348990	65349999	cn={'1': {'A': 1, 'B': 1}, '2': {'A': 1, 'B': 1}}
7	65350000	67650251	cn={'1': {'A': 1, 'B': 1}, '2': {'A': 1, 'B': 1}}
7	67650252	67650982	cn={'1': {'A': 1, 'B': 1}, '2': {'A': 1, 'B': 1}}
7	67650983	72449999	cn={'1': {'A': 1, 'B': 1}, '2': {'A': 1, 'B': 1}}
7	72450000	72499999	cn={'1': {'A': 1, 'B': 1}, '2': {'A': 1, 'B': 1}}
7	72500000	72574999	cn={'1': {'A': 1, 'B': 1}, '2': {'A': 1, 'B': 1}}
7	72575000	74724999	cn={'1': {'A': 1, 'B': 1}, '2': {'A': 1, 'B': 1}}
7	74725000	74924999	cn={'1': {'A': 1, 'B': 1}, '2': {'A': 1, 'B': 1}}
7	74925000	74999999	cn={'1': {'A': 1, 'B': 1}, '2': {'A': 1, 'B': 1}}
7	75000000	77553048	cn={'1': {'A': 1, 'B': 1}, '2': {'A': 1, 'B': 1}}
7	77553049	77554044	cn={'1': {'A': 1, 'B': 1}, '2': {'A': 1, 'B': 1}}
7	77554045	84153282	cn={'1': {'A': 1, 'B': 1}, '2': {'A': 1, 'B': 1}}
7	84153283	84154207	cn={'1': {'A': 1, 'B': 1}, '2': {'A': 1, 'B': 1}}
7	84154208	91828847	cn={'1': {'A': 1, 'B': 1}, '2': {'A': 1, 'B': 1}}
7	91828848	91829779	cn={'1': {'A': 1, 'B': 1}, '2': {'A': 1, 'B': 1}}
7	91829780	98099999	cn={'1': {'A': 1, 'B': 1}, '2': {'A': 1, 'B': 1}}
7	98100000	98149999	cn={'1': {'A': 1, 'B': 1}, '2': {'A': 1, 'B': 1}}
7	98150000	109914279	cn={'1': {'A': 1, 'B': 1}, '2': {'A': 1, 'B': 1}}
7	109914280	109914837	cn={'1': {'A': 1, 'B': 1}, '2': {'A': 1, 'B': 1}}
7	109914838	110213107	cn={'1': {'A': 1, 'B': 1}, '2': {'A': 1, 'B': 1}}
7	110213108	110216753	cn={'1': {'A': 1, 'B': 1}, '2': {'A': 1, 'B': 1}}
7	110216754	112505384	cn={'1': {'A': 1, 'B': 1}, '2': {'A': 1, 'B': 1}}
7	112505385	112506408	cn={'1': {'A': 1, 'B': 1}, '2': {'A': 1, 'B': 1}}
7	112506409	117173385	cn={'1': {'A': 1, 'B': 1}, '2': {'A': 1, 'B': 1}}
7	117173386	117224999	cn={'1': {'A': 1, 'B': 0}, '2': {'A': 1, 'B': 0}}
7	117225000	117332892	cn={'1': {'A': 1, 'B': 0}, '2': {'A': 1, 'B': 0}}
7	117332893	117349999	cn={'1': {'A': 1, 'B': 1}, '2': {'A': 1, 'B': 1}}
7	117350000	125999999	cn={'1': {'A': 1, 'B': 1}, '2': {'A': 1, 'B': 1}}
7	126000000	126049999	cn={'1': {'A': 1, 'B': 1}, '2': {'A': 1, 'B': 1}}
7	126050000	128174999	cn={'1': {'A': 1, 'B': 1}, '2': {'A': 1, 'B': 1}}
7	128175000	128374999	cn={'1': {'A': 1, 'B': 1}, '2': {'A': 1, 'B': 1}}
7	128375000	128423644	cn={'1': {'A': 1, 'B': 1}, '2': {'A': 1, 'B': 1}}
7	128423645	128424288	cn={'1': {'A': 1, 'B': 1}, '2': {'A': 1, 'B': 1}}
7	128424289	130049999	cn={'1': {'A': 1, 'B': 1}, '2': {'A': 1, 'B': 1}}
7	130050000	130224999	cn={'1': {'A': 1, 'B': 1}, '2': {'A': 1, 'B': 1}}
7	130225000	132449999	cn={'1': {'A': 1, 'B': 1}, '2': {'A': 1, 'B': 1}}
7	132450000	134040557	cn={'1': {'A': 1, 'B': 1}, '2': {'A': 1, 'B': 1}}
7	134040558	134041034	cn={'1': {'A': 1, 'B': 0}, '2': {'A': 1, 'B': 1}}
7	134041035	136249999	cn={'1': {'A': 1, 'B': 1}, '2': {'A': 1, 'B': 1}}
7	136250000	136299999	cn={'1': {'A': 1, 'B': 1}, '2': {'A': 1, 'B': 1}}
7	136300000	137499999	cn={'1': {'A': 1, 'B': 1}, '2': {'A': 1, 'B': 1}}
7	137500000	137539747	cn={'1': {'A': 1, 'B': 1}, '2': {'A': 1, 'B': 1}}
7	137539748	159138662	cn={'1': {'A': 1, 'B': 0}, '2': {'A': 1, 'B': 0}}
8	0	99999	cn={'1': {'A': 1, 'B': 1}, '2': {'A': 2, 'B': 1}}
8	100000	149999	cn={'1': {'A': 1, 'B': 1}, '2': {'A': 2, 'B': 1}}
8	150000	199999	cn={'1': {'A': 1, 'B': 1}, '2': {'A': 2, 'B': 1}}
8	200000	225531	cn={'1': {'A': 1, 'B': 1}, '2': {'A': 2, 'B': 1}}
8	225532	249999	cn={'1': {'A': 1, 'B': 1}, '2': {'A': 1, 'B': 1}}
8	250000	3799999	cn={'1': {'A': 1, 'B': 1}, '2': {'A': 1, 'B': 1}}
8	3800000	3821842	cn={'1': {'A': 1, 'B': 1}, '2': {'A': 1, 'B': 1}}
8	3821843	3849999	cn={'1': {'A': 1, 'B': 2}, '2': {'A': 1, 'B': 2}}
8	3850000	4299999	cn={'1': {'A': 1, 'B': 2}, '2': {'A': 1, 'B': 2}}
8	4300000	4335241	cn={'1': {'A': 1, 'B': 2}, '2': {'A': 1, 'B': 2}}
8	4335242	4349999	cn={'1': {'A': 1, 'B': 1}, '2': {'A': 1, 'B': 1}}
8	4350000	7099999	cn={'1': {'A': 1, 'B': 1}, '2': {'A': 1, 'B': 1}}
8	7100000	7149999	cn={'1': {'A': 1, 'B': 1}, '2': {'A': 1, 'B': 1}}
8	7150000	7199999	cn={'1': {'A': 1, 'B': 1}, '2': {'A': 1, 'B': 1}}
8	7200000	7299999	cn={'1': {'A': 1, 'B': 1}, '2': {'A': 1, 'B': 1}}
8	7300000	7300934	cn={'1': {'A': 1, 'B': 1}, '2': {'A': 1, 'B': 1}}
8	7300935	7499999	cn={'1': {'A': 1, 'B': 1}, '2': {'A': 1, 'B': 2}}
8	7500000	7599999	cn={'1': {'A': 1, 'B': 1}, '2': {'A': 1, 'B': 2}}
8	7600000	7899999	cn={'1': {'A': 1, 'B': 1}, '2': {'A': 1, 'B': 2}}
8	7900000	7949999	cn={'1': {'A': 1, 'B': 1}, '2': {'A': 1, 'B': 2}}
8	7950000	7999999	cn={'1': {'A': 1, 'B': 1}, '2': {'A': 1, 'B': 2}}
8	8000000	8049999	cn={'1': {'A': 1, 'B': 1}, '2': {'A': 1, 'B': 2}}
8	8050000	8099999	cn={'1': {'A': 1, 'B': 1}, '2': {'A': 1, 'B': 2}}
8	8100000	11999999	cn={'1': {'A': 1, 'B': 1}, '2': {'A': 1, 'B': 2}}
8	12000000	12099999	cn={'1': {'A': 1, 'B': 1}, '2': {'A': 1, 'B': 2}}
8	12100000	12149999	cn={'1': {'A': 1, 'B': 1}, '2': {'A': 1, 'B': 2}}
8	12150000	12199999	cn={'1': {'A': 1, 'B': 1}, '2': {'A': 1, 'B': 2}}
8	12200000	12449999	cn={'1': {'A': 1, 'B': 1}, '2': {'A': 1, 'B': 2}}
8	12450000	16549999	cn={'1': {'A': 1, 'B': 1}, '2': {'A': 1, 'B': 2}}
8	16550000	17149999	cn={'1': {'A': 1, 'B': 1}, '2': {'A': 1, 'B': 2}}
8	17150000	17199999	cn={'1': {'A': 1, 'B': 1}, '2': {'A': 1, 'B': 2}}
8	17200000	17249999	cn={'1': {'A': 1, 'B': 1}, '2': {'A': 1, 'B': 2}}
8	17250000	17349999	cn={'1': {'A': 1, 'B': 1}, '2': {'A': 1, 'B': 2}}
8	17350000	17399999	cn={'1': {'A': 1, 'B': 1}, '2': {'A': 1, 'B': 2}}
8	17400000	17449999	cn={'1': {'A': 1, 'B': 1}, '2': {'A': 1, 'B': 2}}
8	17450000	17499999	cn={'1': {'A': 1, 'B': 1}, '2': {'A': 1, 'B': 2}}
8	17500000	17549999	cn={'1': {'A': 1, 'B': 1}, '2': {'A': 1, 'B': 2}}
8	17550000	17599999	cn={'1': {'A': 1, 'B': 1}, '2': {'A': 1, 'B': 2}}
8	17600000	18249999	cn={'1': {'A': 1, 'B': 1}, '2': {'A': 1, 'B': 2}}
8	18250000	18259764	cn={'1': {'A': 1, 'B': 1}, '2': {'A': 1, 'B': 2}}
8	18259765	18270026	cn={'1': {'A': 1, 'B': 2}, '2': {'A': 1, 'B': 2}}
8	18270027	18274307	cn={'1': {'A': 1, 'B': 0}, '2': {'A': 1, 'B': 1}}
8	18274308	18332740	cn={'1': {'A': 1, 'B': 1}, '2': {'A': 1, 'B': 1}}
8	18332741	18349999	cn={'1': {'A': 1, 'B': 1}, '2': {'A': 1, 'B': 1}}
8	18350000	18479459	cn={'1': {'A': 1, 'B': 1}, '2': {'A': 1, 'B': 1}}
8	18479460	18483655	cn={'1': {'A': 1, 'B': 1}, '2': {'A': 1, 'B': 1}}
8	18483656	18578706	cn={'1': {'A': 1, 'B': 0}, '2': {'A': 1, 'B': 1}}
8	18578707	18599999	cn={'1': {'A': 1, 'B': 0}, '2': {'A': 1, 'B': 1}}
8	18600000	18649999	cn={'1': {'A': 1, 'B': 0}, '2': {'A': 1, 'B': 1}}
8	18650000	18680261	cn={'1': {'A': 1, 'B': 0}, '2': {'A': 1, 'B': 1}}
8	18680262	18699217	cn={'1': {'A': 1, 'B': 0}, '2': {'A': 1, 'B': 0}}
8	18699218	18699999	cn={'1': {'A': 1, 'B': 2}, '2': {'A': 1, 'B': 2}}
8	18700000	20049999	cn={'1': {'A': 1, 'B': 2}, '2': {'A': 1, 'B': 2}}
8	20050000	20065387	cn={'1': {'A': 1, 'B': 2}, '2': {'A': 1, 'B': 2}}
8	20065388	20066802	cn={'1': {'A': 1, 'B': 1}, '2': {'A': 1, 'B': 1}}
8	20066803	20067326	cn={'1': {'A': 1, 'B': 1}, '2': {'A': 2, 'B': 1}}
8	20067327	20099999	cn={'1': {'A': 1, 'B': 1}, '2': {'A': 2, 'B': 1}}
8	20100000	20299999	cn={'1': {'A': 1, 'B': 1}, '2': {'A': 2, 'B': 1}}
8	20300000	20317117	cn={'1': {'A': 1, 'B': 1}, '2': {'A': 2, 'B': 1}}
8	20317118	21699999	cn={'1': {'A': 1, 'B': 1}, '2': {'A': 2, 'B': 1}}
8	21700000	21709679	cn={'1': {'A': 1, 'B': 1}, '2': {'A': 2, 'B': 1}}
8	21709680	22499999	cn={'1': {'A': 0, 'B': 1}, '2': {'A': 1, 'B': 1}}
8	22500000	22505103	cn={'1': {'A': 0, 'B': 1}, '2': {'A': 1, 'B': 1}}
8	22505104	30650245	cn={'1': {'A': 1, 'B': 1}, '2': {'A': 1, 'B': 1}}
8	30650246	30684685	cn={'1': {'A': 1, 'B': 1}, '2': {'A': 1, 'B': 1}}
8	30684686	34649999	cn={'1': {'A': 1, 'B': 1}, '2': {'A': 1, 'B': 1}}
8	34650000	34699999	cn={'1': {'A': 1, 'B': 1}, '2': {'A': 1, 'B': 1}}
8	34700000	37689081	cn={'1': {'A': 1, 'B': 1}, '2': {'A': 1, 'B': 1}}
8	37689082	37689159	cn={'1': {'A': 1, 'B': 1}, '2': {'A': 0, 'B': 1}}
8	37689160	37698594	cn={'1': {'A': 1, 'B': 1}, '2': {'A': 1, 'B': 1}}
8	37698595	37699999	cn={'1': {'A': 1, 'B': 0}, '2': {'A': 1, 'B': 0}}
8	37700000	49001749	cn={'1': {'A': 1, 'B': 0}, '2': {'A': 1, 'B': 0}}
8	49001750	49002357	cn={'1': {'A': 1, 'B': 1}, '2': {'A': 1, 'B': 1}}
8	49002358	49555227	cn={'1': {'A': 1, 'B': 0}, '2': {'A': 1, 'B': 0}}
8	49555228	49556359	cn={'1': {'A': 1, 'B': 1}, '2': {'A': 1, 'B': 1}}
8	49556360	49556429	cn={'1': {'A': 0, 'B': 1}, '2': {'A': 0, 'B': 1}}
8	49556430	49557422	cn={'1': {'A': 1, 'B': 1}, '2': {'A': 1, 'B': 1}}
8	49557423	53599999	cn={'1': {'A': 1, 'B': 0}, '2': {'A': 1, 'B': 1}}
8	53600000	54348155	cn={'1': {'A': 1, 'B': 0}, '2': {'A': 1, 'B': 1}}
8	54348156	54348678	cn={'1': {'A': 0, 'B': 0}, '2': {'A': 1, 'B': 1}}
8	54348679	54349999	cn={'1': {'A': 0, 'B': 0}, '2': {'A': 2, 'B': 1}}
8	54350000	54351650	cn={'1': {'A': 0, 'B': 0}, '2': {'A': 2, 'B': 1}}
8	54351651	54354586	cn={'1': {'A': 0, 'B': 1}, '2': {'A': 2, 'B': 2}}
8	54354587	54357292	cn={'1': {'A': 0, 'B': 1}, '2': {'A': 2, 'B': 1}}
8	54357293	54649999	cn={'1': {'A': 1, 'B': 1}, '2': {'A': 2, 'B': 1}}
8	54650000	54666555	cn={'1': {'A': 1, 'B': 1}, '2': {'A': 2, 'B': 1}}
8	54666556	54674888	cn={'1': {'A': 2, 'B': 1}, '2': {'A': 2, 'B': 1}}
8	54674889	54681271	cn={'1': {'A': 0, 'B': 1}, '2': {'A': 1, 'B': 1}}
8	54681272	54699999	cn={'1': {'A': 1, 'B': 1}, '2': {'A': 1, 'B': 1}}
8	54700000	54899249	cn={'1': {'A': 1, 'B': 1}, '2': {'A': 1, 'B': 1}}
8	54899250	54899999	cn={'1': {'A': 1, 'B': 0}, '2': {'A': 1, 'B': 0}}
8	54900000	54919788	cn={'1': {'A': 1, 'B': 0}, '2': {'A': 1, 'B': 0}}
8	54919789	54929650	cn={'1': {'A': 2, 'B': 0}, '2': {'A': 2, 'B': 0}}
8	54929651	54938500	cn={'1': {'A': 1, 'B': 0}, '2': {'A': 1, 'B': 0}}
8	54938501	54949999	cn={'1': {'A': 1, 'B': 1}, '2': {'A': 1, 'B': 1}}
8	54950000	55099999	cn={'1': {'A': 1, 'B': 1}, '2': {'A': 1, 'B': 1}}
8	55100000	55120676	cn={'1': {'A': 1, 'B': 1}, '2': {'A': 1, 'B': 1}}
8	55120677	55149999	cn={'1': {'A': 1, 'B': 0}, '2': {'A': 1, 'B': 0}}
8	55150000	55152384	cn={'1': {'A': 1, 'B': 0}, '2': {'A': 1, 'B': 0}}
8	55152385	58390181	cn={'1': {'A': 1, 'B': 1}, '2': {'A': 1, 'B': 1}}
8	58390182	58399999	cn={'1': {'A': 1, 'B': 0}, '2': {'A': 1, 'B': 0}}
8	58400000	58447567	cn={'1': {'A': 1, 'B': 0}, '2': {'A': 1, 'B': 0}}
8	58447568	58449999	cn={'1': {'A': 1, 'B': 1}, '2': {'A': 1, 'B': 1}}
8	58450000	58474046	cn={'1': {'A': 1, 'B': 1}, '2': {'A': 1, 'B': 1}}
8	58474047	58475415	cn={'1': {'A': 1, 'B': 1}, '2': {'A': 0, 'B': 1}}
8	58475416	58491142	cn={'1': {'A': 1, 'B': 1}, '2': {'A': 1, 'B': 1}}
8	58491143	58499999	cn={'1': {'A': 1, 'B': 1}, '2': {'A': 0, 'B': 1}}
8	58500000	58669260	cn={'1': {'A': 1, 'B': 1}, '2': {'A': 0, 'B': 1}}
8	58669261	58669395	cn={'1': {'A': 1, 'B': 0}, '2': {'A': 0, 'B': 1}}
8	58669396	58699999	cn={'1': {'A': 1, 'B': 1}, '2': {'A': 0, 'B': 1}}
8	58700000	58709266	cn={'1': {'A': 1, 'B': 1}, '2': {'A': 0, 'B': 1}}
8	58709267	58753604	cn={'1': {'A': 0, 'B': 1}, '2': {'A': 0, 'B': 1}}
8	58753605	58755126	cn={'1': {'A': 2, 'B': 1}, '2': {'A': 1, 'B': 1}}
8	58755127	58790176	cn={'1': {'A': 1, 'B': 1}, '2': {'A': 0, 'B': 1}}
8	58790177	58799999	cn={'1': {'A': 1, 'B': 1}, '2': {'A': 1, 'B': 1}}
8	58800000	58999999	cn={'1': {'A': 1, 'B': 1}, '2': {'A': 1, 'B': 1}}
8	59000000	59015526	cn={'1': {'A': 1, 'B': 1}, '2': {'A': 1, 'B': 1}}
8	59015527	59049355	cn={'1': {'A': 1, 'B': 0}, '2': {'A': 1, 'B': 0}}
8	59049356	59049999	cn={'1': {'A': 1, 'B': 1}, '2': {'A': 1, 'B': 1}}
8	59050000	59249999	cn={'1': {'A': 1, 'B': 1}, '2': {'A': 1, 'B': 1}}
8	59250000	59255781	cn={'1': {'A': 1, 'B': 1}, '2': {'A': 1, 'B': 1}}
8	59255782	59255915	cn={'1': {'A': 1, 'B': 1}, '2': {'A': 1, 'B': 1}}
8	59255916	59269689	cn={'1': {'A': 2, 'B': 1}, '2': {'A': 2, 'B': 1}}
8	59269690	59299999	cn={'1': {'A': 2, 'B': 1}, '2': {'A': 1, 'B': 1}}
8	59300000	59302493	cn={'1': {'A': 2, 'B': 1}, '2': {'A': 1, 'B': 1}}
8	59302494	59316886	cn={'1': {'A': 2, 'B': 1}, '2': {'A': 1, 'B': 1}}
8	59316887	59316964	cn={'1': {'A': 0, 'B': 1}, '2': {'A': 0, 'B': 1}}
8	59316965	59349999	cn={'1': {'A': 1, 'B': 1}, '2': {'A': 1, 'B': 1}}
8	59350000	59366728	cn={'1': {'A': 1, 'B': 1}, '2': {'A': 1, 'B': 1}}
8	59366729	59430698	cn={'1': {'A': 1, 'B': 0}, '2': {'A': 1, 'B': 0}}
8	59430699	59449999	cn={'1': {'A': 1, 'B': 1}, '2': {'A': 1, 'B': 1}}
8	59450000	61199999	cn={'1': {'A': 1, 'B': 1}, '2': {'A': 1, 'B': 1}}
8	61200000	61249999	cn={'1': {'A': 1, 'B': 1}, '2': {'A': 1, 'B': 1}}
8	61250000	61799999	cn={'1': {'A': 1, 'B': 1}, '2': {'A': 1, 'B': 1}}
8	61800000	61821803	cn={'1': {'A': 1, 'B': 1}, '2': {'A': 1, 'B': 1}}
8	61821804	61823063	cn={'1': {'A': 0, 'B': 1}, '2': {'A': 1, 'B': 1}}
8	61823064	61826473	cn={'1': {'A': 1, 'B': 1}, '2': {'A': 2, 'B': 1}}
8	61826474	61827346	cn={'1': {'A': 1, 'B': 2}, '2': {'A': 2, 'B': 1}}
8	61827347	61827770	cn={'1': {'A': 1, 'B': 1}, '2': {'A': 2, 'B': 1}}
8	61827771	61828104	cn={'1': {'A': 1, 'B': 1}, '2': {'A': 3, 'B': 1}}
8	61828105	61849999	cn={'1': {'A': 0, 'B': 1}, '2': {'A': 1, 'B': 1}}
8	61850000	61860315	cn={'1': {'A': 0, 'B': 1}, '2': {'A': 1, 'B': 1}}
8	61860316	62196452	cn={'1': {'A': 1, 'B': 1}, '2': {'A': 1, 'B': 1}}
8	62196453	62199999	cn={'1': {'A': 1, 'B': 1}, '2': {'A': 2, 'B': 1}}
8	62200000	64874999	cn={'1': {'A': 1, 'B': 1}, '2': {'A': 2, 'B': 1}}
8	64875000	64949999	cn={'1': {'A': 1, 'B': 1}, '2': {'A': 2, 'B': 1}}
8	64950000	66949999	cn={'1': {'A': 1, 'B': 1}, '2': {'A': 2, 'B': 1}}
8	66950000	66980141	cn={'1': {'A': 1, 'B': 1}, '2': {'A': 2, 'B': 1}}
8	66980142	66983577	cn={'1': {'A': 1, 'B': 1}, '2': {'A': 1, 'B': 1}}
8	66983578	66988029	cn={'1': {'A': 2, 'B': 1}, '2': {'A': 1, 'B': 1}}
8	66988030	66999999	cn={'1': {'A': 0, 'B': 1}, '2': {'A': 0, 'B': 1}}
8	67000000	67539983	cn={'1': {'A': 0, 'B': 1}, '2': {'A': 0, 'B': 1}}
8	67539984	67549999	cn={'1': {'A': 2, 'B': 1}, '2': {'A': 1, 'B': 1}}
8	67550000	67553000	cn={'1': {'A': 2, 'B': 1}, '2': {'A': 1, 'B': 1}}
8	67553001	68699999	cn={'1': {'A': 2, 'B': 1}, '2': {'A': 2, 'B': 1}}
8	68700000	68723972	cn={'1': {'A': 2, 'B': 1}, '2': {'A': 2, 'B': 1}}
8	68723973	68749999	cn={'1': {'A': 2, 'B': 2}, '2': {'A': 2, 'B': 2}}
8	68750000	75499999	cn={'1': {'A': 2, 'B': 2}, '2': {'A': 2, 'B': 2}}
8	75500000	76462294	cn={'1': {'A': 2, 'B': 2}, '2': {'A': 2, 'B': 2}}
8	76462295	76462685	cn={'1': {'A': 2, 'B': 2}, '2': {'A': 2, 'B': 2}}
8	76462686	77099999	cn={'1': {'A': 2, 'B': 2}, '2': {'A': 2, 'B': 2}}
8	77100000	77174999	cn={'1': {'A': 2, 'B': 2}, '2': {'A': 2, 'B': 2}}
8	77175000	78474119	cn={'1': {'A': 2, 'B': 2}, '2': {'A': 2, 'B': 2}}
8	78474120	78477494	cn={'1': {'A': 2, 'B': 2}, '2': {'A': 2, 'B': 2}}
8	78477495	79404764	cn={'1': {'A': 2, 'B': 2}, '2': {'A': 2, 'B': 2}}
8	79404765	79406149	cn={'1': {'A': 2, 'B': 2}, '2': {'A': 2, 'B': 2}}
8	79406150	79427954	cn={'1': {'A': 2, 'B': 2}, '2': {'A': 2, 'B': 2}}
8	79427955	79429733	cn={'1': {'A': 2, 'B': 2}, '2': {'A': 2, 'B': 2}}
8	79429734	81199999	cn={'1': {'A': 2, 'B': 2}, '2': {'A': 2, 'B': 2}}
8	81200000	81249999	cn={'1': {'A': 2, 'B': 2}, '2': {'A': 2, 'B': 2}}
8	81250000	81299999	cn={'1': {'A': 2, 'B': 2}, '2': {'A': 2, 'B': 2}}
8	81300000	81349999	cn={'1': {'A': 2, 'B': 2}, '2': {'A': 2, 'B': 2}}
8	81350000	83099999	cn={'1': {'A': 2, 'B': 2}, '2': {'A': 2, 'B': 2}}
8	83100000	83149999	cn={'1': {'A': 2, 'B': 2}, '2': {'A': 2, 'B': 2}}
8	83150000	86449999	cn={'1': {'A': 2, 'B': 2}, '2': {'A': 2, 'B': 2}}
8	86450000	86499999	cn={'1': {'A': 2, 'B': 2}, '2': {'A': 2, 'B': 2}}
8	86500000	86549999	cn={'1': {'A': 2, 'B': 2}, '2': {'A': 2, 'B': 2}}
8	86550000	86649999	cn={'1': {'A': 2, 'B': 2}, '2': {'A': 2, 'B': 2}}
8	86650000	86749999	cn={'1': {'A': 2, 'B': 2}, '2': {'A': 2, 'B': 2}}
8	86750000	86849999	cn={'1': {'A': 2, 'B': 2}, '2': {'A': 2, 'B': 2}}
8	86850000	90699999	cn={'1': {'A': 2, 'B': 2}, '2': {'A': 2, 'B': 2}}
8	90700000	90749999	cn={'1': {'A': 2, 'B': 2}, '2': {'A': 2, 'B': 2}}
8	90750000	90751606	cn={'1': {'A': 2, 'B': 2}, '2': {'A': 2, 'B': 2}}
8	90751607	90751729	cn={'1': {'A': 2, 'B': 0}, '2': {'A': 2, 'B': 1}}
8	90751730	90760254	cn={'1': {'A': 2, 'B': 1}, '2': {'A': 2, 'B': 1}}
8	90760255	90786525	cn={'1': {'A': 2, 'B': 0}, '2': {'A': 2, 'B': 1}}
8	90786526	90799999	cn={'1': {'A': 2, 'B': 1}, '2': {'A': 2, 'B': 2}}
8	90800000	92399999	cn={'1': {'A': 2, 'B': 1}, '2': {'A': 2, 'B': 2}}
8	92400000	92457835	cn={'1': {'A': 2, 'B': 1}, '2': {'A': 2, 'B': 2}}
8	92457836	92600437	cn={'1': {'A': 2, 'B': 2}, '2': {'A': 2, 'B': 3}}
8	92600438	92600980	cn={'1': {'A': 1, 'B': 2}, '2': {'A': 2, 'B': 3}}
8	92600981	94149999	cn={'1': {'A': 2, 'B': 2}, '2': {'A': 2, 'B': 3}}
8	94150000	94732454	cn={'1': {'A': 2, 'B': 2}, '2': {'A': 2, 'B': 3}}
8	94732455	94749999	cn={'1': {'A': 2, 'B': 2}, '2': {'A': 1, 'B': 3}}
8	94750000	94799999	cn={'1': {'A': 2, 'B': 2}, '2': {'A': 1, 'B': 3}}
8	94800000	94808960	cn={'1': {'A': 2, 'B': 2}, '2': {'A': 1, 'B': 3}}
8	94808961	94849999	cn={'1': {'A': 1, 'B': 2}, '2': {'A': 1, 'B': 3}}
8	94850000	94944694	cn={'1': {'A': 1, 'B': 2}, '2': {'A': 1, 'B': 3}}
8	94944695	94948738	cn={'1': {'A': 1, 'B': 2}, '2': {'A': 1, 'B': 3}}
8	94948739	94949999	cn={'1': {'A': 1, 'B': 2}, '2': {'A': 1, 'B': 3}}
8	94950000	95349791	cn={'1': {'A': 1, 'B': 2}, '2': {'A': 1, 'B': 3}}
8	95349792	95349999	cn={'1': {'A': 1, 'B': 2}, '2': {'A': 1, 'B': 2}}
8	95350000	95367302	cn={'1': {'A': 1, 'B': 2}, '2': {'A': 1, 'B': 2}}
8	95367303	95380304	cn={'1': {'A': 1, 'B': 2}, '2': {'A': 1, 'B': 3}}
8	95380305	95398122	cn={'1': {'A': 1, 'B': 2}, '2': {'A': 1, 'B': 2}}
8	95398123	95399999	cn={'1': {'A': 1, 'B': 2}, '2': {'A': 1, 'B': 2}}
8	95400000	95402650	cn={'1': {'A': 1, 'B': 2}, '2': {'A': 1, 'B': 2}}
8	95402651	95406000	cn={'1': {'A': 1, 'B': 2}, '2': {'A': 1, 'B': 3}}
8	95406001	95435161	cn={'1': {'A': 1, 'B': 2}, '2': {'A': 1, 'B': 3}}
8	95435162	95435463	cn={'1': {'A': 1, 'B': 2}, '2': {'A': 1, 'B': 3}}
8	95435464	95449999	cn={'1': {'A': 1, 'B': 2}, '2': {'A': 1, 'B': 3}}
8	95450000	95476690	cn={'1': {'A': 1, 'B': 2}, '2': {'A': 1, 'B': 3}}
8	95476691	95499999	cn={'1': {'A': 1, 'B': 2}, '2': {'A': 1, 'B': 2}}
8	95500000	95599999	cn={'1': {'A': 1, 'B': 2}, '2': {'A': 1, 'B': 2}}
8	95600000	95602163	cn={'1': {'A': 1, 'B': 2}, '2': {'A': 1, 'B': 2}}
8	95602164	95649999	cn={'1': {'A': 2, 'B': 2}, '2': {'A': 2, 'B': 2}}
8	95650000	95674031	cn={'1': {'A': 2, 'B': 2}, '2': {'A': 2, 'B': 2}}
8	95674032	95674277	cn={'1': {'A': 2, 'B': 2}, '2': {'A': 1, 'B': 2}}
8	95674278	96178264	cn={'1': {'A': 2, 'B': 2}, '2': {'A': 1, 'B': 3}}
8	96178265	96199999	cn={'1': {'A': 2, 'B': 3}, '2': {'A': 1, 'B': 3}}
8	96200000	96599999	cn={'1': {'A': 2, 'B': 3}, '2': {'A': 1, 'B': 3}}
8	96600000	96699999	cn={'1': {'A': 2, 'B': 3}, '2': {'A': 1, 'B': 3}}
8	96700000	101649999	cn={'1': {'A': 2, 'B': 3}, '2': {'A': 1, 'B': 3}}
8	101650000	101660282	cn={'1': {'A': 2, 'B': 3}, '2': {'A': 1, 'B': 3}}
8	101660283	105073870	cn={'1': {'A': 2, 'B': 2}, '2': {'A': 1, 'B': 2}}
8	105073871	105399999	cn={'1': {'A': 1, 'B': 2}, '2': {'A': 1, 'B': 2}}
8	105400000	105449999	cn={'1': {'A': 1, 'B': 2}, '2': {'A': 1, 'B': 2}}
8	105450000	106349999	cn={'1': {'A': 1, 'B': 2}, '2': {'A': 1, 'B': 2}}
8	106350000	106399999	cn={'1': {'A': 1, 'B': 2}, '2': {'A': 1, 'B': 2}}
8	106400000	108099999	cn={'1': {'A': 1, 'B': 2}, '2': {'A': 1, 'B': 2}}
8	108100000	108149999	cn={'1': {'A': 1, 'B': 2}, '2': {'A': 1, 'B': 2}}
8	108150000	108399999	cn={'1': {'A': 1, 'B': 2}, '2': {'A': 1, 'B': 2}}
8	108400000	108549999	cn={'1': {'A': 1, 'B': 2}, '2': {'A': 1, 'B': 2}}
8	108550000	108599999	cn={'1': {'A': 1, 'B': 2}, '2': {'A': 1, 'B': 2}}
8	108600000	108849999	cn={'1': {'A': 1, 'B': 2}, '2': {'A': 1, 'B': 2}}
8	108850000	109049999	cn={'1': {'A': 1, 'B': 2}, '2': {'A': 1, 'B': 2}}
8	109050000	109149999	cn={'1': {'A': 1, 'B': 2}, '2': {'A': 1, 'B': 2}}
8	109150000	109249999	cn={'1': {'A': 1, 'B': 2}, '2': {'A': 1, 'B': 2}}
8	109250000	109299999	cn={'1': {'A': 1, 'B': 2}, '2': {'A': 1, 'B': 2}}
8	109300000	109349999	cn={'1': {'A': 1, 'B': 2}, '2': {'A': 1, 'B': 2}}
8	109350000	109899999	cn={'1': {'A': 1, 'B': 2}, '2': {'A': 1, 'B': 2}}
8	109900000	109949999	cn={'1': {'A': 1, 'B': 2}, '2': {'A': 1, 'B': 2}}
8	109950000	109999999	cn={'1': {'A': 1, 'B': 2}, '2': {'A': 1, 'B': 2}}
8	110000000	110049999	cn={'1': {'A': 1, 'B': 2}, '2': {'A': 1, 'B': 2}}
8	110050000	110199999	cn={'1': {'A': 1, 'B': 2}, '2': {'A': 1, 'B': 2}}
8	110200000	110249999	cn={'1': {'A': 1, 'B': 2}, '2': {'A': 1, 'B': 2}}
8	110250000	110299999	cn={'1': {'A': 1, 'B': 2}, '2': {'A': 1, 'B': 2}}
8	110300000	110399999	cn={'1': {'A': 1, 'B': 2}, '2': {'A': 1, 'B': 2}}
8	110400000	110699999	cn={'1': {'A': 1, 'B': 2}, '2': {'A': 1, 'B': 2}}
8	110700000	110924999	cn={'1': {'A': 1, 'B': 2}, '2': {'A': 1, 'B': 2}}
8	110925000	111124999	cn={'1': {'A': 1, 'B': 2}, '2': {'A': 1, 'B': 2}}
8	111125000	111199999	cn={'1': {'A': 1, 'B': 2}, '2': {'A': 1, 'B': 2}}
8	111200000	112299999	cn={'1': {'A': 1, 'B': 2}, '2': {'A': 1, 'B': 2}}
8	112300000	112349999	cn={'1': {'A': 1, 'B': 2}, '2': {'A': 1, 'B': 2}}
8	112350000	112399999	cn={'1': {'A': 1, 'B': 2}, '2': {'A': 1, 'B': 2}}
8	112400000	112449999	cn={'1': {'A': 1, 'B': 2}, '2': {'A': 1, 'B': 2}}
8	112450000	112499999	cn={'1': {'A': 1, 'B': 2}, '2': {'A': 1, 'B': 2}}
8	112500000	112549999	cn={'1': {'A': 1, 'B': 2}, '2': {'A': 1, 'B': 2}}
8	112550000	112599999	cn={'1': {'A': 1, 'B': 2}, '2': {'A': 1, 'B': 2}}
8	112600000	112649999	cn={'1': {'A': 1, 'B': 2}, '2': {'A': 1, 'B': 2}}
8	112650000	114849999	cn={'1': {'A': 1, 'B': 2}, '2': {'A': 1, 'B': 2}}
8	114850000	114899999	cn={'1': {'A': 1, 'B': 2}, '2': {'A': 1, 'B': 2}}
8	114900000	117524999	cn={'1': {'A': 1, 'B': 2}, '2': {'A': 1, 'B': 2}}
8	117525000	117649999	cn={'1': {'A': 1, 'B': 2}, '2': {'A': 1, 'B': 2}}
8	117650000	117774999	cn={'1': {'A': 1, 'B': 2}, '2': {'A': 1, 'B': 2}}
8	117775000	117849999	cn={'1': {'A': 1, 'B': 2}, '2': {'A': 1, 'B': 2}}
8	117850000	117899999	cn={'1': {'A': 1, 'B': 2}, '2': {'A': 1, 'B': 2}}
8	117900000	117949999	cn={'1': {'A': 1, 'B': 2}, '2': {'A': 1, 'B': 2}}
8	117950000	117999999	cn={'1': {'A': 1, 'B': 2}, '2': {'A': 1, 'B': 2}}
8	118000000	118049999	cn={'1': {'A': 1, 'B': 2}, '2': {'A': 1, 'B': 2}}
8	118050000	118052504	cn={'1': {'A': 1, 'B': 2}, '2': {'A': 1, 'B': 2}}
8	118052505	118052694	cn={'1': {'A': 1, 'B': 3}, '2': {'A': 1, 'B': 2}}
8	118052695	118052717	cn={'1': {'A': 1, 'B': 3}, '2': {'A': 1, 'B': 1}}
8	118052718	118449999	cn={'1': {'A': 1, 'B': 2}, '2': {'A': 1, 'B': 1}}
8	118450000	118499999	cn={'1': {'A': 1, 'B': 2}, '2': {'A': 1, 'B': 1}}
8	118500000	118799999	cn={'1': {'A': 1, 'B': 2}, '2': {'A': 1, 'B': 1}}
8	118800000	118899999	cn={'1': {'A': 1, 'B': 2}, '2': {'A': 1, 'B': 1}}
8	118900000	118974999	cn={'1': {'A': 1, 'B': 2}, '2': {'A': 1, 'B': 1}}
8	118975000	119049999	cn={'1': {'A': 1, 'B': 2}, '2': {'A': 1, 'B': 1}}
8	119050000	119749999	cn={'1': {'A': 1, 'B': 2}, '2': {'A': 1, 'B': 1}}
8	119750000	119799999	cn={'1': {'A': 1, 'B': 2}, '2': {'A': 1, 'B': 1}}
8	119800000	120199999	cn={'1': {'A': 1, 'B': 2}, '2': {'A': 1, 'B': 1}}
8	120200000	120324999	cn={'1': {'A': 1, 'B': 2}, '2': {'A': 1, 'B': 1}}
8	120325000	120329754	cn={'1': {'A': 1, 'B': 2}, '2': {'A': 1, 'B': 1}}
8	120329755	120329842	cn={'1': {'A': 1, 'B': 1}, '2': {'A': 1, 'B': 1}}
8	120329843	120331148	cn={'1': {'A': 1, 'B': 1}, '2': {'A': 1, 'B': 2}}
8	120331149	120335506	cn={'1': {'A': 1, 'B': 1}, '2': {'A': 1, 'B': 2}}
8	120335507	120503326	cn={'1': {'A': 1, 'B': 1}, '2': {'A': 1, 'B': 2}}
8	120503327	120507752	cn={'1': {'A': 1, 'B': 1}, '2': {'A': 1, 'B': 1}}
8	120507753	120599999	cn={'1': {'A': 1, 'B': 1}, '2': {'A': 1, 'B': 2}}
8	120600000	120649999	cn={'1': {'A': 1, 'B': 1}, '2': {'A': 1, 'B': 2}}
8	120650000	120699999	cn={'1': {'A': 1, 'B': 1}, '2': {'A': 1, 'B': 2}}
8	120700000	120774999	cn={'1': {'A': 1, 'B': 1}, '2': {'A': 1, 'B': 2}}
8	120775000	120784800	cn={'1': {'A': 1, 'B': 1}, '2': {'A': 1, 'B': 2}}
8	120784801	120881694	cn={'1': {'A': 2, 'B': 1}, '2': {'A': 2, 'B': 2}}
8	120881695	120899999	cn={'1': {'A': 1, 'B': 1}, '2': {'A': 1, 'B': 2}}
8	120900000	121049999	cn={'1': {'A': 1, 'B': 1}, '2': {'A': 1, 'B': 2}}
8	121050000	121054282	cn={'1': {'A': 1, 'B': 1}, '2': {'A': 1, 'B': 2}}
8	121054283	121079833	cn={'1': {'A': 2, 'B': 1}, '2': {'A': 1, 'B': 2}}
8	121079834	121099999	cn={'1': {'A': 1, 'B': 1}, '2': {'A': 1, 'B': 2}}
8	121100000	121449999	cn={'1': {'A': 1, 'B': 1}, '2': {'A': 1, 'B': 2}}
8	121450000	121476892	cn={'1': {'A': 1, 'B': 1}, '2': {'A': 1, 'B': 2}}
8	121476893	121499999	cn={'1': {'A': 1, 'B': 2}, '2': {'A': 1, 'B': 2}}
8	121500000	121513374	cn={'1': {'A': 1, 'B': 2}, '2': {'A': 1, 'B': 2}}
8	121513375	121549999	cn={'1': {'A': 1, 'B': 1}, '2': {'A': 1, 'B': 2}}
8	121550000	121905306	cn={'1': {'A': 1, 'B': 1}, '2': {'A': 1, 'B': 2}}
8	121905307	121907452	cn={'1': {'A': 1, 'B': 1}, '2': {'A': 1, 'B': 2}}
8	121907453	122149999	cn={'1': {'A': 0, 'B': 1}, '2': {'A': 0, 'B': 2}}
8	122150000	122199999	cn={'1': {'A': 0, 'B': 1}, '2': {'A': 0, 'B': 2}}
8	122200000	122899999	cn={'1': {'A': 0, 'B': 1}, '2': {'A': 0, 'B': 2}}
8	122900000	122999999	cn={'1': {'A': 0, 'B': 1}, '2': {'A': 0, 'B': 2}}
8	123000000	123718868	cn={'1': {'A': 0, 'B': 1}, '2': {'A': 0, 'B': 2}}
8	123718869	123721405	cn={'1': {'A': 2, 'B': 1}, '2': {'A': 1, 'B': 2}}
8	123721406	123749999	cn={'1': {'A': 2, 'B': 1}, '2': {'A': 1, 'B': 2}}
8	123750000	123760256	cn={'1': {'A': 2, 'B': 1}, '2': {'A': 1, 'B': 2}}
8	123760257	123985440	cn={'1': {'A': 2, 'B': 1}, '2': {'A': 1, 'B': 2}}
8	123985441	123999999	cn={'1': {'A': 0, 'B': 1}, '2': {'A': 0, 'B': 2}}
8	124000000	124149999	cn={'1': {'A': 0, 'B': 1}, '2': {'A': 0, 'B': 2}}
8	124150000	124173915	cn={'1': {'A': 0, 'B': 1}, '2': {'A': 0, 'B': 2}}
8	124173916	124199999	cn={'1': {'A': 0, 'B': 1}, '2': {'A': 0, 'B': 2}}
8	124200000	124216942	cn={'1': {'A': 0, 'B': 1}, '2': {'A': 0, 'B': 2}}
8	124216943	124218086	cn={'1': {'A': 0, 'B': 1}, '2': {'A': 0, 'B': 2}}
8	124218087	124249999	cn={'1': {'A': 0, 'B': 1}, '2': {'A': 0, 'B': 2}}
8	124250000	125349999	cn={'1': {'A': 0, 'B': 1}, '2': {'A': 0, 'B': 2}}
8	125350000	125362527	cn={'1': {'A': 0, 'B': 1}, '2': {'A': 0, 'B': 2}}
8	125362528	125388892	cn={'1': {'A': 1, 'B': 1}, '2': {'A': 1, 'B': 2}}
8	125388893	125399999	cn={'1': {'A': 1, 'B': 1}, '2': {'A': 1, 'B': 2}}
8	125400000	125449999	cn={'1': {'A': 1, 'B': 1}, '2': {'A': 1, 'B': 2}}
8	125450000	125455394	cn={'1': {'A': 1, 'B': 1}, '2': {'A': 1, 'B': 2}}
8	125455395	125499999	cn={'1': {'A': 1, 'B': 2}, '2': {'A': 1, 'B': 2}}
8	125500000	126349999	cn={'1': {'A': 1, 'B': 2}, '2': {'A': 1, 'B': 2}}
8	126350000	126399999	cn={'1': {'A': 1, 'B': 2}, '2': {'A': 1, 'B': 2}}
8	126400000	126549999	cn={'1': {'A': 1, 'B': 2}, '2': {'A': 1, 'B': 2}}
8	126550000	126599999	cn={'1': {'A': 1, 'B': 2}, '2': {'A': 1, 'B': 2}}
8	126600000	126649999	cn={'1': {'A': 1, 'B': 2}, '2': {'A': 1, 'B': 2}}
8	126650000	127099999	cn={'1': {'A': 1, 'B': 2}, '2': {'A': 1, 'B': 2}}
8	127100000	127149999	cn={'1': {'A': 1, 'B': 2}, '2': {'A': 1, 'B': 2}}
8	127150000	127199999	cn={'1': {'A': 1, 'B': 2}, '2': {'A': 1, 'B': 2}}
8	127200000	127599999	cn={'1': {'A': 1, 'B': 2}, '2': {'A': 1, 'B': 2}}
8	127600000	127649999	cn={'1': {'A': 1, 'B': 2}, '2': {'A': 1, 'B': 2}}
8	127650000	127749999	cn={'1': {'A': 1, 'B': 2}, '2': {'A': 1, 'B': 2}}
8	127750000	127849999	cn={'1': {'A': 1, 'B': 2}, '2': {'A': 1, 'B': 2}}
8	127850000	127899999	cn={'1': {'A': 1, 'B': 2}, '2': {'A': 1, 'B': 2}}
8	127900000	128249999	cn={'1': {'A': 1, 'B': 2}, '2': {'A': 1, 'B': 2}}
8	128250000	128299999	cn={'1': {'A': 1, 'B': 2}, '2': {'A': 1, 'B': 2}}
8	128300000	128499999	cn={'1': {'A': 1, 'B': 2}, '2': {'A': 1, 'B': 2}}
8	128500000	128549999	cn={'1': {'A': 1, 'B': 2}, '2': {'A': 1, 'B': 2}}
8	128550000	128599999	cn={'1': {'A': 1, 'B': 2}, '2': {'A': 1, 'B': 2}}
8	128600000	128742110	cn={'1': {'A': 1, 'B': 2}, '2': {'A': 1, 'B': 2}}
8	128742111	128749999	cn={'1': {'A': 1, 'B': 2}, '2': {'A': 2, 'B': 2}}
8	128750000	129812201	cn={'1': {'A': 1, 'B': 2}, '2': {'A': 2, 'B': 2}}
8	129812202	129813213	cn={'1': {'A': 1, 'B': 2}, '2': {'A': 2, 'B': 2}}
8	129813214	130049999	cn={'1': {'A': 1, 'B': 2}, '2': {'A': 2, 'B': 2}}
8	130050000	130099999	cn={'1': {'A': 1, 'B': 2}, '2': {'A': 2, 'B': 2}}
8	130100000	130149999	cn={'1': {'A': 1, 'B': 2}, '2': {'A': 2, 'B': 2}}
8	130150000	130199999	cn={'1': {'A': 1, 'B': 2}, '2': {'A': 2, 'B': 2}}
8	130200000	131049999	cn={'1': {'A': 1, 'B': 2}, '2': {'A': 2, 'B': 2}}
8	131050000	131149999	cn={'1': {'A': 1, 'B': 2}, '2': {'A': 2, 'B': 2}}
8	131150000	133749999	cn={'1': {'A': 1, 'B': 2}, '2': {'A': 2, 'B': 2}}
8	133750000	133799999	cn={'1': {'A': 1, 'B': 2}, '2': {'A': 2, 'B': 2}}
8	133800000	136749999	cn={'1': {'A': 1, 'B': 2}, '2': {'A': 2, 'B': 2}}
8	136750000	136759917	cn={'1': {'A': 1, 'B': 2}, '2': {'A': 2, 'B': 2}}
8	136759918	136760182	cn={'1': {'A': 1, 'B': 2}, '2': {'A': 1, 'B': 2}}
8	136760183	136762149	cn={'1': {'A': 1, 'B': 2}, '2': {'A': 1, 'B': 2}}
8	136762150	136799999	cn={'1': {'A': 1, 'B': 1}, '2': {'A': 1, 'B': 1}}
8	136800000	137399999	cn={'1': {'A': 1, 'B': 1}, '2': {'A': 1, 'B': 1}}
8	137400000	137449999	cn={'1': {'A': 1, 'B': 1}, '2': {'A': 1, 'B': 1}}
8	137450000	137549999	cn={'1': {'A': 1, 'B': 1}, '2': {'A': 1, 'B': 1}}
8	137550000	138049999	cn={'1': {'A': 1, 'B': 1}, '2': {'A': 1, 'B': 1}}
8	138050000	139199999	cn={'1': {'A': 1, 'B': 1}, '2': {'A': 1, 'B': 1}}
8	139200000	139249999	cn={'1': {'A': 1, 'B': 1}, '2': {'A': 1, 'B': 1}}
8	139250000	139515071	cn={'1': {'A': 1, 'B': 1}, '2': {'A': 1, 'B': 1}}
8	139515072	139516953	cn={'1': {'A': 1, 'B': 1}, '2': {'A': 1, 'B': 1}}
8	139516954	139949999	cn={'1': {'A': 1, 'B': 1}, '2': {'A': 1, 'B': 1}}
8	139950000	139999999	cn={'1': {'A': 1, 'B': 1}, '2': {'A': 1, 'B': 1}}
8	140000000	140799999	cn={'1': {'A': 1, 'B': 1}, '2': {'A': 1, 'B': 1}}
8	140800000	140849999	cn={'1': {'A': 1, 'B': 1}, '2': {'A': 1, 'B': 1}}
8	140850000	141149999	cn={'1': {'A': 1, 'B': 1}, '2': {'A': 1, 'B': 1}}
8	141150000	141199999	cn={'1': {'A': 1, 'B': 1}, '2': {'A': 1, 'B': 1}}
8	141200000	141299999	cn={'1': {'A': 1, 'B': 1}, '2': {'A': 1, 'B': 1}}
8	141300000	141349999	cn={'1': {'A': 1, 'B': 1}, '2': {'A': 1, 'B': 1}}
8	141350000	141399999	cn={'1': {'A': 1, 'B': 1}, '2': {'A': 1, 'B': 1}}
8	141400000	141549999	cn={'1': {'A': 1, 'B': 1}, '2': {'A': 1, 'B': 1}}
8	141550000	141599999	cn={'1': {'A': 1, 'B': 1}, '2': {'A': 1, 'B': 1}}
8	141600000	141849999	cn={'1': {'A': 1, 'B': 1}, '2': {'A': 1, 'B': 1}}
8	141850000	141899999	cn={'1': {'A': 1, 'B': 1}, '2': {'A': 1, 'B': 1}}
8	141900000	142049999	cn={'1': {'A': 1, 'B': 1}, '2': {'A': 1, 'B': 1}}
8	142050000	142499999	cn={'1': {'A': 1, 'B': 1}, '2': {'A': 1, 'B': 1}}
8	142500000	142599999	cn={'1': {'A': 1, 'B': 1}, '2': {'A': 1, 'B': 1}}
8	142600000	142899999	cn={'1': {'A': 1, 'B': 1}, '2': {'A': 1, 'B': 1}}
8	142900000	142949999	cn={'1': {'A': 1, 'B': 1}, '2': {'A': 1, 'B': 1}}
8	142950000	142999999	cn={'1': {'A': 1, 'B': 1}, '2': {'A': 1, 'B': 1}}
8	143000000	143099999	cn={'1': {'A': 1, 'B': 1}, '2': {'A': 1, 'B': 1}}
8	143100000	143299999	cn={'1': {'A': 1, 'B': 1}, '2': {'A': 1, 'B': 1}}
8	143300000	143349999	cn={'1': {'A': 1, 'B': 1}, '2': {'A': 1, 'B': 1}}
8	143350000	143449999	cn={'1': {'A': 1, 'B': 1}, '2': {'A': 1, 'B': 1}}
8	143450000	143549999	cn={'1': {'A': 1, 'B': 1}, '2': {'A': 1, 'B': 1}}
8	143550000	143699999	cn={'1': {'A': 1, 'B': 1}, '2': {'A': 1, 'B': 1}}
8	143700000	143749999	cn={'1': {'A': 1, 'B': 1}, '2': {'A': 1, 'B': 1}}
8	143750000	143777000	cn={'1': {'A': 1, 'B': 1}, '2': {'A': 1, 'B': 1}}
8	143777001	143777313	cn={'1': {'A': 1, 'B': 1}, '2': {'A': 1, 'B': 0}}
8	143777314	143799999	cn={'1': {'A': 1, 'B': 1}, '2': {'A': 1, 'B': 1}}
8	143800000	143849999	cn={'1': {'A': 1, 'B': 1}, '2': {'A': 1, 'B': 1}}
8	143850000	143949999	cn={'1': {'A': 1, 'B': 1}, '2': {'A': 1, 'B': 1}}
8	143950000	143950822	cn={'1': {'A': 1, 'B': 1}, '2': {'A': 1, 'B': 1}}
8	143950823	143951000	cn={'1': {'A': 1, 'B': 1}, '2': {'A': 2, 'B': 1}}
8	143951001	143951100	cn={'1': {'A': 1, 'B': 1}, '2': {'A': 2, 'B': 1}}
8	143951101	143951262	cn={'1': {'A': 1, 'B': 1}, '2': {'A': 2, 'B': 1}}
8	143951263	143951425	cn={'1': {'A': 1, 'B': 1}, '2': {'A': 2, 'B': 1}}
8	143951426	143952000	cn={'1': {'A': 1, 'B': 1}, '2': {'A': 2, 'B': 1}}
8	143952001	143999999	cn={'1': {'A': 1, 'B': 1}, '2': {'A': 1, 'B': 1}}
8	144000000	144049999	cn={'1': {'A': 1, 'B': 1}, '2': {'A': 1, 'B': 1}}
8	144050000	144099999	cn={'1': {'A': 1, 'B': 1}, '2': {'A': 1, 'B': 1}}
8	144100000	144149999	cn={'1': {'A': 1, 'B': 1}, '2': {'A': 1, 'B': 1}}
8	144150000	144299999	cn={'1': {'A': 1, 'B': 1}, '2': {'A': 1, 'B': 1}}
8	144300000	144349999	cn={'1': {'A': 1, 'B': 1}, '2': {'A': 1, 'B': 1}}
8	144350000	144499999	cn={'1': {'A': 1, 'B': 1}, '2': {'A': 1, 'B': 1}}
8	144500000	144699999	cn={'1': {'A': 1, 'B': 1}, '2': {'A': 1, 'B': 1}}
8	144700000	144899999	cn={'1': {'A': 1, 'B': 1}, '2': {'A': 1, 'B': 1}}
8	144900000	145049999	cn={'1': {'A': 1, 'B': 1}, '2': {'A': 1, 'B': 1}}
8	145050000	145274999	cn={'1': {'A': 1, 'B': 1}, '2': {'A': 1, 'B': 1}}
8	145275000	145424999	cn={'1': {'A': 1, 'B': 1}, '2': {'A': 1, 'B': 1}}
8	145425000	145599999	cn={'1': {'A': 1, 'B': 1}, '2': {'A': 1, 'B': 1}}
8	145600000	145649999	cn={'1': {'A': 1, 'B': 1}, '2': {'A': 1, 'B': 1}}
8	145650000	145699999	cn={'1': {'A': 1, 'B': 1}, '2': {'A': 1, 'B': 1}}
8	145700000	145749999	cn={'1': {'A': 1, 'B': 1}, '2': {'A': 1, 'B': 1}}
8	145750000	145799999	cn={'1': {'A': 1, 'B': 1}, '2': {'A': 1, 'B': 1}}
8	145800000	145899999	cn={'1': {'A': 1, 'B': 1}, '2': {'A': 1, 'B': 1}}
8	145900000	145949999	cn={'1': {'A': 1, 'B': 1}, '2': {'A': 1, 'B': 1}}
8	145950000	145999999	cn={'1': {'A': 1, 'B': 1}, '2': {'A': 1, 'B': 1}}
8	146000000	146074999	cn={'1': {'A': 1, 'B': 1}, '2': {'A': 1, 'B': 1}}
8	146075000	146199999	cn={'1': {'A': 1, 'B': 1}, '2': {'A': 1, 'B': 1}}
8	146200000	146299999	cn={'1': {'A': 1, 'B': 1}, '2': {'A': 1, 'B': 1}}
9	0	49999	cn={'1': {'A': 1, 'B': 1}, '2': {'A': 1, 'B': 1}}
9	50000	9349999	cn={'1': {'A': 1, 'B': 1}, '2': {'A': 1, 'B': 1}}
9	9350000	9399999	cn={'1': {'A': 1, 'B': 1}, '2': {'A': 1, 'B': 1}}
9	9400000	9499999	cn={'1': {'A': 1, 'B': 1}, '2': {'A': 1, 'B': 1}}
9	9500000	11463252	cn={'1': {'A': 1, 'B': 1}, '2': {'A': 1, 'B': 1}}
9	11463253	23585902	cn={'1': {'A': 1, 'B': 1}, '2': {'A': 1, 'B': 1}}
9	23585903	23586130	cn={'1': {'A': 0, 'B': 1}, '2': {'A': 0, 'B': 1}}
9	23586131	23609551	cn={'1': {'A': 1, 'B': 1}, '2': {'A': 1, 'B': 1}}
9	23609552	37049999	cn={'1': {'A': 1, 'B': 1}, '2': {'A': 1, 'B': 1}}
9	37050000	37124999	cn={'1': {'A': 1, 'B': 1}, '2': {'A': 1, 'B': 1}}
9	37125000	37399999	cn={'1': {'A': 1, 'B': 1}, '2': {'A': 1, 'B': 1}}
9	37400000	37574999	cn={'1': {'A': 1, 'B': 1}, '2': {'A': 1, 'B': 1}}
9	37575000	38949999	cn={'1': {'A': 1, 'B': 1}, '2': {'A': 1, 'B': 1}}
9	38950000	38999999	cn={'1': {'A': 1, 'B': 1}, '2': {'A': 1, 'B': 1}}
9	39000000	39099999	cn={'1': {'A': 1, 'B': 1}, '2': {'A': 1, 'B': 1}}
9	39100000	39149999	cn={'1': {'A': 1, 'B': 1}, '2': {'A': 1, 'B': 1}}
9	39150000	39874999	cn={'1': {'A': 1, 'B': 1}, '2': {'A': 1, 'B': 1}}
9	39875000	39999999	cn={'1': {'A': 1, 'B': 1}, '2': {'A': 1, 'B': 1}}
9	40000000	40199999	cn={'1': {'A': 1, 'B': 1}, '2': {'A': 1, 'B': 1}}
9	40200000	40299999	cn={'1': {'A': 1, 'B': 1}, '2': {'A': 1, 'B': 1}}
9	40300000	40899999	cn={'1': {'A': 1, 'B': 1}, '2': {'A': 1, 'B': 1}}
9	40900000	40974999	cn={'1': {'A': 1, 'B': 1}, '2': {'A': 1, 'B': 1}}
9	40975000	41049999	cn={'1': {'A': 1, 'B': 1}, '2': {'A': 1, 'B': 1}}
9	41050000	41149999	cn={'1': {'A': 1, 'B': 1}, '2': {'A': 1, 'B': 1}}
9	41150000	41574999	cn={'1': {'A': 1, 'B': 1}, '2': {'A': 1, 'B': 1}}
9	41575000	41674999	cn={'1': {'A': 1, 'B': 1}, '2': {'A': 1, 'B': 1}}
9	41675000	42349999	cn={'1': {'A': 1, 'B': 1}, '2': {'A': 1, 'B': 1}}
9	42350000	42399999	cn={'1': {'A': 1, 'B': 1}, '2': {'A': 1, 'B': 1}}
9	42400000	42599999	cn={'1': {'A': 1, 'B': 1}, '2': {'A': 1, 'B': 1}}
9	42600000	42849999	cn={'1': {'A': 1, 'B': 1}, '2': {'A': 1, 'B': 1}}
9	42850000	43549999	cn={'1': {'A': 1, 'B': 1}, '2': {'A': 1, 'B': 1}}
9	43550000	43599999	cn={'1': {'A': 1, 'B': 1}, '2': {'A': 1, 'B': 1}}
9	43600000	43974999	cn={'1': {'A': 1, 'B': 1}, '2': {'A': 1, 'B': 1}}
9	43975000	44049999	cn={'1': {'A': 1, 'B': 1}, '2': {'A': 1, 'B': 1}}
9	44050000	44349999	cn={'1': {'A': 1, 'B': 1}, '2': {'A': 1, 'B': 1}}
9	44350000	44399999	cn={'1': {'A': 1, 'B': 1}, '2': {'A': 1, 'B': 1}}
9	44400000	44574999	cn={'1': {'A': 1, 'B': 1}, '2': {'A': 1, 'B': 1}}
9	44575000	44749999	cn={'1': {'A': 1, 'B': 1}, '2': {'A': 1, 'B': 1}}
9	44750000	45549999	cn={'1': {'A': 1, 'B': 1}, '2': {'A': 1, 'B': 1}}
9	45550000	45599999	cn={'1': {'A': 1, 'B': 1}, '2': {'A': 1, 'B': 1}}
9	45600000	45899999	cn={'1': {'A': 1, 'B': 1}, '2': {'A': 1, 'B': 1}}
9	45900000	45949999	cn={'1': {'A': 1, 'B': 1}, '2': {'A': 1, 'B': 1}}
9	45950000	46149999	cn={'1': {'A': 1, 'B': 1}, '2': {'A': 1, 'B': 1}}
9	46150000	46199999	cn={'1': {'A': 1, 'B': 1}, '2': {'A': 1, 'B': 1}}
9	46200000	46599999	cn={'1': {'A': 1, 'B': 1}, '2': {'A': 1, 'B': 1}}
9	46600000	46649999	cn={'1': {'A': 1, 'B': 1}, '2': {'A': 1, 'B': 1}}
9	46650000	46724999	cn={'1': {'A': 1, 'B': 1}, '2': {'A': 1, 'B': 1}}
9	46725000	46899999	cn={'1': {'A': 1, 'B': 1}, '2': {'A': 1, 'B': 1}}
9	46900000	46949999	cn={'1': {'A': 1, 'B': 1}, '2': {'A': 1, 'B': 1}}
9	46950000	46999999	cn={'1': {'A': 1, 'B': 1}, '2': {'A': 1, 'B': 1}}
9	47000000	47099999	cn={'1': {'A': 1, 'B': 1}, '2': {'A': 1, 'B': 1}}
9	47100000	47249999	cn={'1': {'A': 1, 'B': 1}, '2': {'A': 1, 'B': 1}}
9	47250000	56374999	cn={'1': {'A': 1, 'B': 1}, '2': {'A': 1, 'B': 1}}
9	56375000	65649999	cn={'1': {'A': 1, 'B': 1}, '2': {'A': 1, 'B': 1}}
9	65650000	65749999	cn={'1': {'A': 1, 'B': 1}, '2': {'A': 1, 'B': 1}}
9	65750000	65999999	cn={'1': {'A': 1, 'B': 1}, '2': {'A': 1, 'B': 1}}
9	66000000	66049999	cn={'1': {'A': 1, 'B': 1}, '2': {'A': 1, 'B': 1}}
9	66050000	66349999	cn={'1': {'A': 1, 'B': 1}, '2': {'A': 1, 'B': 1}}
9	66350000	66424999	cn={'1': {'A': 1, 'B': 1}, '2': {'A': 1, 'B': 1}}
9	66425000	66899999	cn={'1': {'A': 1, 'B': 1}, '2': {'A': 1, 'B': 1}}
9	66900000	66949999	cn={'1': {'A': 1, 'B': 1}, '2': {'A': 1, 'B': 1}}
9	66950000	66999999	cn={'1': {'A': 1, 'B': 1}, '2': {'A': 1, 'B': 1}}
9	67000000	67049999	cn={'1': {'A': 1, 'B': 1}, '2': {'A': 1, 'B': 1}}
9	67050000	67239425	cn={'1': {'A': 1, 'B': 1}, '2': {'A': 1, 'B': 1}}
9	67239426	67267731	cn={'1': {'A': 1, 'B': 1}, '2': {'A': 1, 'B': 1}}
9	67267732	67349999	cn={'1': {'A': 1, 'B': 1}, '2': {'A': 1, 'B': 1}}
9	67350000	67599999	cn={'1': {'A': 1, 'B': 1}, '2': {'A': 1, 'B': 1}}
9	67600000	68599999	cn={'1': {'A': 1, 'B': 1}, '2': {'A': 1, 'B': 1}}
9	68600000	68749999	cn={'1': {'A': 1, 'B': 1}, '2': {'A': 1, 'B': 1}}
9	68750000	68899999	cn={'1': {'A': 1, 'B': 1}, '2': {'A': 1, 'B': 1}}
9	68900000	68999999	cn={'1': {'A': 1, 'B': 1}, '2': {'A': 1, 'B': 1}}
9	69000000	69699999	cn={'1': {'A': 1, 'B': 1}, '2': {'A': 1, 'B': 1}}
9	69700000	69749999	cn={'1': {'A': 1, 'B': 1}, '2': {'A': 1, 'B': 1}}
9	69750000	69999999	cn={'1': {'A': 1, 'B': 1}, '2': {'A': 1, 'B': 1}}
9	70000000	70074999	cn={'1': {'A': 1, 'B': 1}, '2': {'A': 1, 'B': 1}}
9	70075000	78239767	cn={'1': {'A': 1, 'B': 1}, '2': {'A': 1, 'B': 1}}
9	78239768	78241901	cn={'1': {'A': 1, 'B': 1}, '2': {'A': 1, 'B': 1}}
9	78241902	79860192	cn={'1': {'A': 1, 'B': 1}, '2': {'A': 1, 'B': 1}}
9	79860193	86457091	cn={'1': {'A': 1, 'B': 1}, '2': {'A': 1, 'B': 1}}
9	86457092	86457534	cn={'1': {'A': 1, 'B': 1}, '2': {'A': 1, 'B': 1}}
9	86457535	95127836	cn={'1': {'A': 1, 'B': 1}, '2': {'A': 1, 'B': 1}}
9	95127837	95128840	cn={'1': {'A': 1, 'B': 1}, '2': {'A': 1, 'B': 1}}
9	95128841	95821505	cn={'1': {'A': 1, 'B': 1}, '2': {'A': 1, 'B': 1}}
9	95821506	99624999	cn={'1': {'A': 1, 'B': 1}, '2': {'A': 1, 'B': 1}}
9	99625000	99699999	cn={'1': {'A': 1, 'B': 1}, '2': {'A': 1, 'B': 1}}
9	99700000	103224999	cn={'1': {'A': 1, 'B': 1}, '2': {'A': 1, 'B': 1}}
9	103225000	103299999	cn={'1': {'A': 1, 'B': 1}, '2': {'A': 1, 'B': 1}}
9	103300000	103429677	cn={'1': {'A': 1, 'B': 1}, '2': {'A': 1, 'B': 1}}
9	103429678	103433939	cn={'1': {'A': 1, 'B': 1}, '2': {'A': 1, 'B': 1}}
9	103433940	113986429	cn={'1': {'A': 1, 'B': 1}, '2': {'A': 1, 'B': 1}}
9	113986430	113994870	cn={'1': {'A': 1, 'B': 1}, '2': {'A': 1, 'B': 1}}
9	113994871	117974999	cn={'1': {'A': 1, 'B': 1}, '2': {'A': 1, 'B': 1}}
9	117975000	118049999	cn={'1': {'A': 1, 'B': 1}, '2': {'A': 1, 'B': 1}}
9	118050000	120049999	cn={'1': {'A': 1, 'B': 1}, '2': {'A': 1, 'B': 1}}
9	120050000	120299999	cn={'1': {'A': 1, 'B': 1}, '2': {'A': 1, 'B': 1}}
9	120300000	121599627	cn={'1': {'A': 1, 'B': 1}, '2': {'A': 1, 'B': 1}}
9	121599628	121601039	cn={'1': {'A': 1, 'B': 1}, '2': {'A': 1, 'B': 1}}
9	121601040	130849999	cn={'1': {'A': 1, 'B': 1}, '2': {'A': 1, 'B': 1}}
9	130850000	130899999	cn={'1': {'A': 1, 'B': 1}, '2': {'A': 1, 'B': 1}}
9	130900000	133726024	cn={'1': {'A': 1, 'B': 1}, '2': {'A': 1, 'B': 1}}
9	133726025	133727673	cn={'1': {'A': 1, 'B': 1}, '2': {'A': 1, 'B': 1}}
9	133727674	134343599	cn={'1': {'A': 1, 'B': 1}, '2': {'A': 1, 'B': 1}}
9	134343600	138199999	cn={'1': {'A': 1, 'B': 1}, '2': {'A': 1, 'B': 1}}
9	138200000	138249999	cn={'1': {'A': 1, 'B': 1}, '2': {'A': 1, 'B': 1}}
9	138250000	141149999	cn={'1': {'A': 1, 'B': 1}, '2': {'A': 1, 'B': 1}}
X	2699968	2950764	cn={'1': {'A': 0, 'B': 2}, '2': {'A': 0, 'B': 2}}
X	2950765	2950892	cn={'1': {'A': 0, 'B': 2}, '2': {'A': 0, 'B': 2}}
X	2950893	2953727	cn={'1': {'A': 0, 'B': 2}, '2': {'A': 0, 'B': 2}}
X	2953728	2954735	cn={'1': {'A': 0, 'B': 2}, '2': {'A': 0, 'B': 2}}
X	2954736	2955147	cn={'1': {'A': 0, 'B': 2}, '2': {'A': 0, 'B': 2}}
X	2955148	2955679	cn={'1': {'A': 0, 'B': 2}, '2': {'A': 0, 'B': 2}}
X	2955680	2956087	cn={'1': {'A': 0, 'B': 2}, '2': {'A': 0, 'B': 2}}
X	2956088	3845389	cn={'1': {'A': 0, 'B': 2}, '2': {'A': 0, 'B': 2}}
X	3845390	4311579	cn={'1': {'A': 0, 'B': 2}, '2': {'A': 0, 'B': 2}}
X	4311580	10262402	cn={'1': {'A': 0, 'B': 2}, '2': {'A': 0, 'B': 2}}
X	10262403	10264453	cn={'1': {'A': 0, 'B': 2}, '2': {'A': 0, 'B': 2}}
X	10264454	15186214	cn={'1': {'A': 0, 'B': 2}, '2': {'A': 0, 'B': 2}}
X	15186215	15187434	cn={'1': {'A': 0, 'B': 2}, '2': {'A': 0, 'B': 2}}
X	15187435	16982987	cn={'1': {'A': 0, 'B': 2}, '2': {'A': 0, 'B': 2}}
X	16982988	17016139	cn={'1': {'A': 0, 'B': 2}, '2': {'A': 0, 'B': 2}}
X	17016140	23499278	cn={'1': {'A': 0, 'B': 2}, '2': {'A': 0, 'B': 2}}
X	23499279	23500375	cn={'1': {'A': 0, 'B': 2}, '2': {'A': 0, 'B': 2}}
X	23500376	30566998	cn={'1': {'A': 0, 'B': 2}, '2': {'A': 0, 'B': 2}}
X	30566999	31246391	cn={'1': {'A': 0, 'B': 2}, '2': {'A': 0, 'B': 2}}
X	31246392	32500426	cn={'1': {'A': 0, 'B': 2}, '2': {'A': 0, 'B': 2}}
X	32500427	33027125	cn={'1': {'A': 0, 'B': 2}, '2': {'A': 0, 'B': 2}}
X	33027126	33027812	cn={'1': {'A': 0, 'B': 2}, '2': {'A': 0, 'B': 2}}
X	33027813	37752845	cn={'1': {'A': 0, 'B': 2}, '2': {'A': 0, 'B': 2}}
X	37752846	41759250	cn={'1': {'A': 0, 'B': 2}, '2': {'A': 0, 'B': 2}}
X	41759251	54746139	cn={'1': {'A': 0, 'B': 2}, '2': {'A': 0, 'B': 2}}
X	54746140	54809195	cn={'1': {'A': 0, 'B': 2}, '2': {'A': 0, 'B': 2}}
X	54809196	65987122	cn={'1': {'A': 0, 'B': 1}, '2': {'A': 0, 'B': 1}}
X	65987123	65991619	cn={'1': {'A': 0, 'B': 2}, '2': {'A': 0, 'B': 2}}
X	65991620	66275001	cn={'1': {'A': 0, 'B': 2}, '2': {'A': 0, 'B': 2}}
X	66275002	66275063	cn={'1': {'A': 0, 'B': 1}, '2': {'A': 0, 'B': 1}}
X	66275064	102842452	cn={'1': {'A': 0, 'B': 1}, '2': {'A': 0, 'B': 1}}
X	102842453	102843840	cn={'1': {'A': 0, 'B': 1}, '2': {'A': 0, 'B': 1}}
X	102843841	105080374	cn={'1': {'A': 0, 'B': 0}, '2': {'A': 0, 'B': 0}}
X	105080375	105164918	cn={'1': {'A': 0, 'B': 1}, '2': {'A': 0, 'B': 1}}
X	105164919	108102256	cn={'1': {'A': 0, 'B': 1}, '2': {'A': 0, 'B': 1}}
X	108102257	108103772	cn={'1': {'A': 0, 'B': 1}, '2': {'A': 0, 'B': 1}}
X	108103773	113383542	cn={'1': {'A': 0, 'B': 1}, '2': {'A': 0, 'B': 1}}
X	113383543	113384292	cn={'1': {'A': 0, 'B': 1}, '2': {'A': 0, 'B': 1}}
X	113384293	113385292	cn={'1': {'A': 0, 'B': 0}, '2': {'A': 0, 'B': 0}}
X	113385293	114192784	cn={'1': {'A': 0, 'B': 1}, '2': {'A': 0, 'B': 1}}
X	114192785	120743402	cn={'1': {'A': 0, 'B': 1}, '2': {'A': 0, 'B': 1}}
X	120743403	120743863	cn={'1': {'A': 0, 'B': 1}, '2': {'A': 0, 'B': 1}}
X	120743864	123492316	cn={'1': {'A': 0, 'B': 1}, '2': {'A': 0, 'B': 1}}
X	123492317	123534678	cn={'1': {'A': 0, 'B': 1}, '2': {'A': 0, 'B': 1}}
X	123534679	146597401	cn={'1': {'A': 0, 'B': 1}, '2': {'A': 0, 'B': 1}}
X	146597402	146598252	cn={'1': {'A': 0, 'B': 1}, '2': {'A': 0, 'B': 1}}
X	146598253	154929412	cn={'1': {'A': 0, 'B': 1}, '2': {'A': 0, 'B': 1}}
